~home~song~rsc~ccs_skill_scanner~skills_code~alexa-samples~alexa-samples-pin-confirmation	0.09415037084270168	17.90299129486084	17.90299129486084	0.0009777545928955078	0.0316309928894043	0.00011396408081054688
~home~song~rsc~ccs_skill_scanner~skills_code~alexa-labs~skill-sample-toolkit	0.08300451437632243	19.782631397247314	19.782631397247314	0.0009784698486328125	0.01674342155456543	0.00013136863708496094
~home~song~rsc~ccs_skill_scanner~skills_code~alexa-samples~dynamic-location-demo	0.09415037084270168	45.104321002960205	45.104321002960205	0.0011396408081054688	0.0355372428894043	18.447686195373535
~home~song~rsc~ccs_skill_scanner~skills_code~alexa~alexa-cookbook~feature-demos~apl~skill-demo-interactive-apl-button	0.06983083486557007	8.37993311882019	8.37993311882019	0.0009679794311523438	0.036006927490234375	0.00010418891906738281
~home~song~rsc~ccs_skill_scanner~skills_code~alexa-samples~skill-sample-nodejs-team-lookup	0.09415037084270168	135.1149652004242	135.1149652004242	0.0022406578063964844	0.03800082206726074	0.00010776519775390625
~home~song~rsc~ccs_skill_scanner~skills_code~alexa-samples~skill-sample-nodejs-celebrity-older-or-younger	0.09415037084270168	192.97125363349915	192.97125363349915	0.0003211498260498047	0.021260738372802734	0.0001308917999267578
~home~song~rsc~ccs_skill_scanner~skills_code~AlexaGroover~AlexaProject~24_Using@Hints@in@Card	0.08188860946231419	51.841184854507446	51.841184854507446	0.0016570091247558594	0.030411720275878906	16.60681176185608
~home~song~rsc~ccs_skill_scanner~skills_code~alexa~alexa-cookbook~feature-demos~skill-demo-personalization	0.06983083486557007	13.001906156539917	13.001906156539917	0.00022411346435546875	0.026209115982055664	0.00010991096496582031
~home~song~rsc~ccs_skill_scanner~skills_code~alexa-samples~skill-sample-nodejs-facts-isp-kids-skill	0.09415037084270168	126.39756226539612	126.39756226539612	0.0004107952117919922	0.020236492156982422	0.00013637542724609375
~home~song~rsc~ccs_skill_scanner~skills_code~alexa-samples~skill-sample-nodejs-first-skill~i18n	0.09415037084270168	85.16898822784424	85.16898822784424	0.0004031658172607422	0.029167890548706055	18.887266635894775
~home~song~rsc~ccs_skill_scanner~skills_code~alexa-labs~skill-sample-nodejs-level-up-riddles~Step@3@-@Add@APL	0.08300451437632243	118.88185715675354	118.88185715675354	0.0008647441864013672	0.026335477828979492	18.27639389038086
~home~song~rsc~ccs_skill_scanner~skills_code~AlexaGroover~AlexaProject~13_Update@Lambda@Function	0.08188860946231419	14.39694595336914	14.39694595336914	0.0012810230255126953	0.026750802993774414	16.12760829925537
~home~song~rsc~ccs_skill_scanner~skills_code~alexa~alexa-cookbook~feature-demos~skill-demo-device-location~lambda~java~src~com~amazon~ask~demo~DeviceLocation	0.06983083486557007	1.162888526916504	1.162888526916504	0.0009765625	0.01596999168395996	0.00012540817260742188
~home~song~rsc~ccs_skill_scanner~skills_code~alexa-samples~apl-video-demo	0.09415037084270168	23.12671732902527	23.12671732902527	0.0011568069458007812	0.02115321159362793	0.00010538101196289062
~home~song~rsc~ccs_skill_scanner~skills_code~alexa-samples~error-notification-sample-skill	0.09415037084270168	52.267822265625	52.267822265625	0.0010221004486083984	0.04353499412536621	0.0001068115234375
~home~song~rsc~ccs_skill_scanner~skills_code~alexa~alexa-cookbook~feature-demos~apl~skill-demo-lazy-load-lists	0.06983083486557007	26.60833477973938	26.60833477973938	0.0003972053527832031	0.027733564376831055	0.00010991096496582031
~home~song~rsc~ccs_skill_scanner~skills_code~alexa~alexa-cookbook~feature-demos~skill-demo-s3-select	0.06983083486557007	67.59647512435913	67.59647512435913	0.00023365020751953125	0.026100635528564453	0.0001347064971923828
~home~song~rsc~ccs_skill_scanner~skills_code~alexa~alexa-cookbook~feature-demos~skill-demo-amazon-pay	0.06983083486557007	37.56275916099548	37.56275916099548	0.0009505748748779297	0.1596217155456543	0.00018167495727539062
~home~song~rsc~ccs_skill_scanner~skills_code~AlexaSRM~Zombie-Fever~Zombie@Fever~.deploy~zombie-fever	0.08508700132369995	4.693129062652588	4.693129062652588	0.0012056827545166016	0.028860092163085938	0.00010704994201660156
~home~song~rsc~ccs_skill_scanner~skills_code~alexa-labs~workshop-starship-enterprise~Step-0-Initialize-your-Ship-Commander	0.08300451437632243	27.36290192604065	27.36290192604065	0.0012276172637939453	0.02912163734436035	0.00012421607971191406
~home~song~rsc~ccs_skill_scanner~skills_code~aishu827~Learn-Alexa-the-fun-way~Learn@Alexa@the@fun@way~section@1~1.3	0.08321273326873779	8.141756534576416	8.141756534576416	0.0005116462707519531	0.023955345153808594	0.0001595020294189453
~home~song~rsc~ccs_skill_scanner~skills_code~AidanBundy1~AlexaSkill	0.08236074447631836	7.407521486282349	7.407521486282349	0.0010311603546142578	0.07265400886535645	0.00011396408081054688
~home~song~rsc~ccs_skill_scanner~skills_code~alexa-samples~skill-sample-python-fact	0.09415037084270168	31.411070108413696	31.411070108413696	0.0008974075317382812	0.027919769287109375	0.00011610984802246094
~home~song~rsc~ccs_skill_scanner~skills_code~AlexaGroover~AlexaProject~27_ConfirmSlot@Directive	0.08188860946231419	19.378344297409058	19.378344297409058	0.0010333061218261719	0.026112079620361328	16.681154012680054
~home~song~rsc~ccs_skill_scanner~skills_code~alexa-samples~skill-sample-nodejs-zero-to-hero~05	0.09415037084270168	125.05400085449219	125.05400085449219	0.0006086826324462891	0.03296160697937012	18.376911640167236
~home~song~rsc~ccs_skill_scanner~skills_code~adams-liu~SmartMirrorG36~src~examples~color_cycler~skill~Python	0.07611894607543945	25.41638469696045	25.41638469696045	0.000911712646484375	0.04763984680175781	0.00034427642822265625
~home~song~rsc~ccs_skill_scanner~skills_code~alexa-labs~skill-sample-nodejs-firetv-vlogs	0.08300451437632243	38.35244846343994	38.35244846343994	0.0002989768981933594	0.025824308395385742	0.0001316070556640625
~home~song~rsc~ccs_skill_scanner~skills_code~alexa~alexa-cookbook~feature-demos~skill-demo-shared-slots~recipe-skill-shared-slots	0.06983083486557007	32.02207541465759	32.02207541465759	0.00046062469482421875	0.016603469848632812	0.00012993812561035156
~home~song~rsc~ccs_skill_scanner~skills_code~alexa-labs~skill-sample-nodejs-sauce-boss	0.08300451437632243	286.02439308166504	286.02439308166504	0.0003333091735839844	0.024746179580688477	0.0001304149627685547
~home~song~rsc~ccs_skill_scanner~skills_code~alexknipfer~spotify-alexa-skill	0.13243436813354492	13.109520673751831	13.109520673751831	0.0008778572082519531	0.01702260971069336	0.00012040138244628906
~home~song~rsc~ccs_skill_scanner~skills_code~alexa-samples~customer-profile-demo	0.09415037084270168	22.340152740478516	22.340152740478516	0.0013742446899414062	0.032431602478027344	16.675307273864746
~home~song~rsc~ccs_skill_scanner~skills_code~Ajay19domi~animal-voice-distribution	0.07976031303405762	13.904879093170166	13.904879093170166	0.0010683536529541016	0.016564369201660156	0.00012350082397460938
~home~song~rsc~ccs_skill_scanner~skills_code~AlexaRevolution~book_samples_v1~Ch_17~CuriosidadesdelAjolote	0.08469636738300323	181.362065076828	181.362065076828	0.002015352249145508	0.04072976112365723	24.183497428894043
~home~song~rsc~ccs_skill_scanner~skills_code~alexa-samples~skill-sample-nodejs-consumable-hello-world	0.09415037084270168	64.59458041191101	64.59458041191101	0.0002636909484863281	0.01839470863342285	0.00014328956604003906
~home~song~rsc~ccs_skill_scanner~skills_code~alexadev1~Hackster.IO	0.0952916145324707	1.2907938957214355	1.2907938957214355	0.0003249645233154297	0.02726578712463379	17.985344171524048
~home~song~rsc~ccs_skill_scanner~skills_code~alexa-samples~alexa-skills-cicd-pipeline	0.09415037084270168	1.1725480556488037	1.1725480556488037	0.0003132820129394531	0.02749347686767578	0.00013113021850585938
~home~song~rsc~ccs_skill_scanner~skills_code~alexa-samples~person-profile-demo	0.09415037084270168	24.57029914855957	24.57029914855957	0.00041866302490234375	0.031681060791015625	17.4553005695343
~home~song~rsc~ccs_skill_scanner~skills_code~alexa-samples~skill-sample-nodejs-zero-to-hero~01	0.09415037084270168	8.381733417510986	8.381733417510986	0.0010480880737304688	0.038857460021972656	0.0001232624053955078
~home~song~rsc~ccs_skill_scanner~skills_code~ACloudGuru-Resources~Course_Alexa_Skill_Builder~Final_Certified	0.0836883544921875	81.34677338600159	81.34677338600159	0.0002841949462890625	0.22544550895690918	0.0006134510040283203
~home~song~rsc~ccs_skill_scanner~skills_code~alexa-samples~skill-sample-nodejs-trivia	0.09415037084270168	228.46192717552185	228.46192717552185	0.00032210350036621094	0.03141641616821289	0.00011348724365234375
~home~song~rsc~ccs_skill_scanner~skills_code~alexa-samples~shared-slots-demo~recipe-skill-shared-slots-extended	0.09415037084270168	32.38729643821716	32.38729643821716	0.0012009143829345703	0.030271053314208984	0.000152587890625
~home~song~rsc~ccs_skill_scanner~skills_code~alexa-labs~skill-sample-nodejs-task-buddy	0.08300451437632243	103.90921139717102	103.90921139717102	0.0006420612335205078	0.026273488998413086	0.00015497207641601562
~home~song~rsc~ccs_skill_scanner~skills_code~actionably~skill-sample-nodejs-hello-world-v1	0.07358431816101074	16.11689305305481	16.11689305305481	0.0012819766998291016	0.01475381851196289	15.87529706954956
~home~song~rsc~ccs_skill_scanner~skills_code~AlexaRevolution~book_samples_v1~Ch_5~CuriosidadesdelAjolote	0.08469636738300323	57.00900602340698	57.00900602340698	0.00023674964904785156	0.017386436462402344	0.00012159347534179688
~home~song~rsc~ccs_skill_scanner~skills_code~alexa-samples~progressive-response-demo	0.09415037084270168	32.834205865859985	32.834205865859985	0.00034046173095703125	0.02943587303161621	0.00012350082397460938
~home~song~rsc~ccs_skill_scanner~skills_code~alexa-samples~skill-connections-provider-demo	0.09415037084270168	11.678314685821533	11.678314685821533	0.0010390281677246094	0.019854307174682617	0.00011515617370605469
~home~song~rsc~ccs_skill_scanner~skills_code~aadiltajani~Formula-1-Calendar-Alexa-Skill	0.07993936538696289	23.737096786499023	23.737096786499023	0.0006406307220458984	0.06370115280151367	0.00016427040100097656
~home~song~rsc~ccs_skill_scanner~skills_code~alexa-labs~workshop-in-skill-purchasing~workshop-completed	0.08300451437632243	44.08921957015991	44.08921957015991	0.0002815723419189453	0.03168845176696777	0.00011754035949707031
~home~song~rsc~ccs_skill_scanner~skills_code~alexa-samples~skill-sample-nodejs-multistream-audio-player	0.09415037084270168	44.52877950668335	44.52877950668335	0.0004565715789794922	0.0362544059753418	0.00011181831359863281
~home~song~rsc~ccs_skill_scanner~skills_code~alexa-samples~skill-sample-python-howto	0.09415037084270168	1337.7423930168152	1337.7423930168152	0.0007598400115966797	0.02373957633972168	0.00011181831359863281
~home~song~rsc~ccs_skill_scanner~skills_code~adanaher~wellness-tracker-jovo	0.03569495677947998	60.365864753723145	60.365864753723145	0.0016047954559326172	0.19947195053100586	0.000102996826171875
~home~song~rsc~ccs_skill_scanner~skills_code~alexa~alexa-cookbook~feature-demos~skill-demo-timers	0.06983083486557007	113.73408961296082	113.73408961296082	0.0002956390380859375	0.34360480308532715	0.0005078315734863281
~home~song~rsc~ccs_skill_scanner~skills_code~AdminAlexaBledina~AlexaDocumentation~06	0.08214690468528053	166.17708706855774	166.17708706855774	0.0027763843536376953	0.0730133056640625	19.485658645629883
~home~song~rsc~ccs_skill_scanner~skills_code~alexa-samples~device-location-demo	0.09415037084270168	36.97154092788696	36.97154092788696	0.0002834796905517578	0.019048213958740234	83.85632610321045
~home~song~rsc~ccs_skill_scanner~skills_code~1337-server~Tracked-media	0.08301401138305664	158.1117968559265	158.1117968559265	0.001069784164428711	0.02652120590209961	0.00012564659118652344
~home~song~rsc~ccs_skill_scanner~skills_code~ACloudGuru~AlexaDevs~Episode6~Devs	0.09060609340667725	15.635055780410767	15.635055780410767	0.0012102127075195312	0.07234477996826172	0.0001442432403564453
~home~song~rsc~ccs_skill_scanner~skills_code~AdminAlexaBledina~AlexaDocumentation~02	0.08214690468528053	43.68511152267456	43.68511152267456	0.0008633136749267578	0.0355839729309082	0.00012540817260742188
~home~song~rsc~ccs_skill_scanner~skills_code~alexa-samples~restaurant-finder	0.09415037084270168	21.797041416168213	21.797041416168213	0.0012755393981933594	0.029644012451171875	86.90506339073181
~home~song~rsc~ccs_skill_scanner~skills_code~alexa~alexa-cookbook~feature-demos~skill-demo-videoapp-directive	0.06983083486557007	12.482407093048096	12.482407093048096	0.0010099411010742188	0.02975010871887207	0.00012540817260742188
~home~song~rsc~ccs_skill_scanner~skills_code~ahitt6345~Kebabkat-Alexa~amzn1.ask.skill.aca43909-cf68-4e1a-bc9a-3e0a77eeb72e	0.08017277717590332	28.3201425075531	28.3201425075531	0.0007736682891845703	0.026058435440063477	0.00010347366333007812
~home~song~rsc~ccs_skill_scanner~skills_code~alexa-samples~skill-sample-nodejs-zero-to-hero~04	0.09415037084270168	93.68371176719666	93.68371176719666	0.0005152225494384766	0.01851058006286621	19.207131385803223
~home~song~rsc~ccs_skill_scanner~skills_code~agshubham007~skill_multimodal	0.08046269416809082	162.9784595966339	162.9784595966339	0.0005819797515869141	0.06456398963928223	0.0001499652862548828
~home~song~rsc~ccs_skill_scanner~skills_code~alexa-labs~workshop-in-skill-purchasing~lab-1-completed	0.08300451437632243	34.292372703552246	34.292372703552246	0.0006847381591796875	0.026720762252807617	0.0001239776611328125
~home~song~rsc~ccs_skill_scanner~skills_code~alexa-labs~skill-sample-nodejs-level-up-riddles~Step@2@-@Add@ISP	0.08300451437632243	117.96474933624268	117.96474933624268	0.0005059242248535156	0.02921581268310547	17.419575929641724
~home~song~rsc~ccs_skill_scanner~skills_code~aarlin~alphabet-position	0.10002843538920085	23.992164373397827	23.992164373397827	0.0003209114074707031	0.06497383117675781	0.00012540817260742188
~home~song~rsc~ccs_skill_scanner~skills_code~Africa4Days~Echo4Education	0.10080480575561523	22.023757696151733	22.023757696151733	0.0008990764617919922	0.5197427272796631	0.00010085105895996094
~home~song~rsc~ccs_skill_scanner~skills_code~alexa~alexa-cookbook~feature-demos~apl~skill-demo-apl-pager	0.06983083486557007	8.42587423324585	8.42587423324585	0.0010564327239990234	0.019757747650146484	0.00011944770812988281
~home~song~rsc~ccs_skill_scanner~skills_code~alexa~alexa-cookbook~feature-demos~skill-connections~provider-demo	0.06983083486557007	10.745209455490112	10.745209455490112	0.0009801387786865234	0.02041769027709961	0.00010180473327636719
~home~song~rsc~ccs_skill_scanner~skills_code~adrwh~alexa-skill-web-services-demo	0.08024144172668457	22.67703366279602	22.67703366279602	0.0008265972137451172	0.015121698379516602	0.000133514404296875
~home~song~rsc~ccs_skill_scanner~skills_code~3-dots~youbet	0.07630658149719238	61.54480981826782	61.54480981826782	0.00023031234741210938	0.13900303840637207	0.00012111663818359375
~home~song~rsc~ccs_skill_scanner~skills_code~alexa-labs~workshop-starship-enterprise~Step-3-Pairing-your-VUI-and-GUI	0.08300451437632243	74.81814217567444	74.81814217567444	0.0002493858337402344	0.016685962677001953	0.00012230873107910156
~home~song~rsc~ccs_skill_scanner~skills_code~alexa-samples~skill-sample-python-quiz-game	0.09415037084270168	110.29392075538635	110.29392075538635	0.00038552284240722656	0.019704341888427734	0.00012111663818359375
~home~song~rsc~ccs_skill_scanner~skills_code~Abhinav0909~Jokes~client~amzn1.ask.skill.97acfbba-a3d9-4eb5-a240-77f8f0030a40	0.08562874794006348	26.362226486206055	26.362226486206055	0.0008985996246337891	0.01760697364807129	0.00010251998901367188
~home~song~rsc~ccs_skill_scanner~skills_code~alexa-dev-hub~alexa-skills~skills-by-the-community~Swapnil@Tripathi~Hello@World	0.09571172640873836	24.33809208869934	24.33809208869934	0.0002410411834716797	0.016252994537353516	0.0001373291015625
~home~song~rsc~ccs_skill_scanner~skills_code~alexa-samples~skill-sample-nodejs-first-skill	0.09415037084270168	99.7690064907074	99.7690064907074	0.001249074935913086	0.03831076622009277	0.00010848045349121094
~home~song~rsc~ccs_skill_scanner~skills_code~alexa-samples~skill-sample-nodejs-zero-to-hero~08	0.09415037084270168	245.42854142189026	245.42854142189026	0.003028392791748047	0.049852848052978516	24.781879663467407
~home~song~rsc~ccs_skill_scanner~skills_code~alexa-samples~skill-sample-python-audio-player~MultiStream	0.09415037084270168	90.38309812545776	90.38309812545776	0.0010733604431152344	0.03232169151306152	0.00010848045349121094
~home~song~rsc~ccs_skill_scanner~skills_code~alexa-samples~skill-sample-python-first-skill~final	0.09415037084270168	9.376333236694336	9.376333236694336	0.0016629695892333984	0.03761935234069824	89.48632431030273
~home~song~rsc~ccs_skill_scanner~skills_code~aishu827~Learn-Alexa-the-fun-way~Learn@Alexa@the@fun@way~section@1~1.5	0.08321273326873779	9.354413747787476	9.354413747787476	0.0011737346649169922	0.015527725219726562	0.00013709068298339844
~home~song~rsc~ccs_skill_scanner~skills_code~alexa-samples~dynamic-entities-demo	0.09415037084270168	29.726247310638428	29.726247310638428	0.0017895698547363281	0.05122661590576172	0.0004868507385253906
~home~song~rsc~ccs_skill_scanner~skills_code~alexa-samples~skill-sample-nodejs-decision-tree	0.09415037084270168	35.858033657073975	35.858033657073975	0.0018191337585449219	0.01997065544128418	0.0001163482666015625
~home~song~rsc~ccs_skill_scanner~skills_code~aashay4123~Building_Security-Alexa-skill	0.09723091125488281	61.2239248752594	61.2239248752594	0.0010955333709716797	0.029307126998901367	0.00012302398681640625
~home~song~rsc~ccs_skill_scanner~skills_code~alexa-dev-hub~alexa-skills~skills-by-the-community~RahulDua~tourist-in-india	0.09571172640873836	26.96433186531067	26.96433186531067	0.0003814697265625	0.015965700149536133	0.0001392364501953125
~home~song~rsc~ccs_skill_scanner~skills_code~alexa-samples~skill-sample-java-premium-hello-world	0.09415037084270168	1.1964612007141113	1.1964612007141113	0.0012867450714111328	0.02128314971923828	0.00011563301086425781
~home~song~rsc~ccs_skill_scanner~skills_code~abhaykhawas~newsomething	0.000893712043762207	4.881516218185425	4.881516218185425	0.0011279582977294922	0.0290834903717041	89.81782913208008
~home~song~rsc~ccs_skill_scanner~skills_code~alexa~alexa-cookbook~feature-demos~apl~skill-demo-apl-video	0.06983083486557007	8.487350225448608	8.487350225448608	0.0011637210845947266	0.06288361549377441	0.00010895729064941406
~home~song~rsc~ccs_skill_scanner~skills_code~aishu-S~Alexa_course_contents~Learn@Alexa@the@fun@way~section@5~5.3	0.08249956369400024	18.47275710105896	18.47275710105896	0.0010399818420410156	0.02859187126159668	0.00013875961303710938
~home~song~rsc~ccs_skill_scanner~skills_code~alexa~alexa-cookbook~feature-demos~reminders-api~Skill-demo-Medicine-reminder-python	0.06983083486557007	26.767106771469116	26.767106771469116	0.0001995563507080078	0.01673603057861328	0.00012636184692382812
~home~song~rsc~ccs_skill_scanner~skills_code~alexa-samples~personalization-demo	0.09415037084270168	13.171269416809082	13.171269416809082	0.0010671615600585938	0.021788358688354492	0.00011348724365234375
~home~song~rsc~ccs_skill_scanner~skills_code~AlexaRevolution~book_samples_v1~Ch_9~CuriosidadesdelAjolote	0.08469636738300323	73.95340919494629	73.95340919494629	0.0006811618804931641	0.06423377990722656	0.00012493133544921875
~home~song~rsc~ccs_skill_scanner~skills_code~96rebecca~lernen	0.08505988121032715	7.672051191329956	7.672051191329956	0.0010313987731933594	0.029016494750976562	0.00012159347534179688
~home~song~rsc~ccs_skill_scanner~skills_code~alexa-dev-hub~alexa-skills~skills-by-the-community~Devanshi@Goel~Hello@World	0.09571172640873836	24.14748501777649	24.14748501777649	0.0009903907775878906	0.0162503719329834	0.00013947486877441406
~home~song~rsc~ccs_skill_scanner~skills_code~aditisandhu~alexa-ai-history-skill~src	0.09147143363952637	32.439937353134155	32.439937353134155	0.0002613067626953125	0.016048908233642578	0.00013184547424316406
~home~song~rsc~ccs_skill_scanner~skills_code~AlexaRevolution~book_samples_v1~Ch_11~CuriosidadesdelAjolote	0.08469636738300323	85.79184484481812	85.79184484481812	0.0007231235504150391	0.06482601165771484	19.26035761833191
~home~song~rsc~ccs_skill_scanner~skills_code~alexa-samples~skill-sample-python-colorpicker	0.09415037084270168	21.021111488342285	21.021111488342285	0.0015490055084228516	0.03163933753967285	0.00011348724365234375
~home~song~rsc~ccs_skill_scanner~skills_code~alexa-samples~skill-sample-nodejs-hello-world	0.09415037084270168	64.94757151603699	64.94757151603699	0.00023293495178222656	0.018686294555664062	0.00010609626770019531
~home~song~rsc~ccs_skill_scanner~skills_code~alexa-samples~skill-sample-nodejs-test-automation	0.09415037084270168	22.27464270591736	22.27464270591736	0.0005474090576171875	0.03295159339904785	0.00011491775512695312
~home~song~rsc~ccs_skill_scanner~skills_code~alexa-samples~alexa-entities-demo-python	0.09415037084270168	10.49702501296997	10.49702501296997	0.0012357234954833984	0.03705477714538574	0.00010800361633300781
~home~song~rsc~ccs_skill_scanner~skills_code~alexa-dev-hub~alexa-skills~skills-by-the-team~GarimaSingh~Touristy	0.09571172640873836	16.9660587310791	16.9660587310791	0.0007712841033935547	0.016005516052246094	0.00013375282287597656
~home~song~rsc~ccs_skill_scanner~skills_code~AdminAlexaBledina~AlexaDocumentation~03	0.08214690468528053	45.960957765579224	45.960957765579224	0.0004947185516357422	0.02608513832092285	16.521146059036255
~home~song~rsc~ccs_skill_scanner~skills_code~alexa-samples~videoapp-directive-demo-python	0.09415037084270168	8.155951023101807	8.155951023101807	0.0011436939239501953	0.029356718063354492	0.00012993812561035156
~home~song~rsc~ccs_skill_scanner~skills_code~alexa-samples~skill-sample-controls-fruit-shop	0.09415037084270168	193.4685869216919	193.4685869216919	0.000782012939453125	0.02167534828186035	0.00010800361633300781
~home~song~rsc~ccs_skill_scanner~skills_code~alexa-samples~timers-demo-python	0.09415037084270168	24.51341462135315	24.51341462135315	0.0002532005310058594	0.01753830909729004	0.00012493133544921875
~home~song~rsc~ccs_skill_scanner~skills_code~aashay4123~Greeter-Custom-alexa-skill	0.09723091125488281	43.799943685531616	43.799943685531616	0.0005350112915039062	0.02123737335205078	0.00011587142944335938
~home~song~rsc~ccs_skill_scanner~skills_code~alexa-samples~skill-sample-nodejs-shopping-actions	0.09415037084270168	77.67829632759094	77.67829632759094	0.00021600723266601562	0.019544363021850586	0.00010561943054199219
~home~song~rsc~ccs_skill_scanner~skills_code~13thontheleft~test-audioplayer	0.07718610763549805	65.41349029541016	65.41349029541016	0.0010368824005126953	0.034430503845214844	0.00013208389282226562
~home~song~rsc~ccs_skill_scanner~skills_code~aissam-out~Alexa-Skills-Python~Alexa@Python@-@Extra	0.08171219825744629	12.81961703300476	12.81961703300476	0.0007171630859375	0.017163753509521484	0.00012922286987304688
~home~song~rsc~ccs_skill_scanner~skills_code~Ajay19domi~ryme-tunes	0.07976031303405762	76.67714834213257	76.67714834213257	0.0006318092346191406	30.05132007598877	0.00010943412780761719
~home~song~rsc~ccs_skill_scanner~skills_code~adrian-grajdeanu~test~test~alexa	0.08535265922546387	15.174627542495728	15.174627542495728	0.0008676052093505859	0.07226204872131348	0.0002956390380859375
~home~song~rsc~ccs_skill_scanner~skills_code~adrian-grajdeanu~test~test~alexa~test	0.08535265922546387	15.325976371765137	15.325976371765137	0.0005819797515869141	0.03574872016906738	16.678134202957153
~home~song~rsc~ccs_skill_scanner~skills_code~alexa-samples~skill-sample-python-audio-player~SingleStream	0.09415037084270168	72.75636029243469	72.75636029243469	0.0010530948638916016	0.03257584571838379	0.00010991096496582031
~home~song~rsc~ccs_skill_scanner~skills_code~ahmedadham88~alexa-skill-package	0.10156536102294922	67.97122240066528	67.97122240066528	0.00020241737365722656	0.017603397369384766	0.000110626220703125
~home~song~rsc~ccs_skill_scanner~skills_code~ACloudGuru~AlexaDevs~Episode3	0.09060609340667725	45.35871696472168	45.35871696472168	0.0012252330780029297	0.027971267700195312	0.0002970695495605469
~home~song~rsc~ccs_skill_scanner~skills_code~3unyt~Alexa-Intern-Helper	0.0864109992980957	66.33320331573486	66.33320331573486	0.0003676414489746094	0.34369325637817383	18.11679196357727
~home~song~rsc~ccs_skill_scanner~skills_code~AlexaRevolution~book_samples_v1~Ch_10~CuriosidadesdelAjolote_local_i18n	0.08469636738300323	71.35669493675232	71.35669493675232	0.0003535747528076172	0.017879009246826172	0.00014066696166992188
~home~song~rsc~ccs_skill_scanner~skills_code~ACloudGuru-Resources~Course_Alexa_Skill_Builder~Connecting_Lambda_To_DynamoDB~code	0.0836883544921875	68.54235458374023	68.54235458374023	0.0003139972686767578	0.017534732818603516	0.00014257431030273438
~home~song~rsc~ccs_skill_scanner~skills_code~aishu827~Learn-Alexa-the-fun-way~Learn@Alexa@the@fun@way~section@3~3.5	0.08321273326873779	76.52164506912231	76.52164506912231	0.0006003379821777344	0.02350759506225586	0.0001366138458251953
~home~song~rsc~ccs_skill_scanner~skills_code~alexa-labs~apl-for-audio-no-look-weather	0.08300451437632243	29.805328130722046	29.805328130722046	0.0007121562957763672	0.025948286056518555	0.00011873245239257812
~home~song~rsc~ccs_skill_scanner~skills_code~aarlin~vowel-counter	0.10002843538920085	23.31720805168152	23.31720805168152	0.0003085136413574219	0.01714468002319336	0.00013017654418945312
~home~song~rsc~ccs_skill_scanner~skills_code~aishu-S~Alexa_course_contents~Learn@Alexa@the@fun@way~section@4~4.4	0.08249956369400024	9.521486520767212	9.521486520767212	0.0011820793151855469	0.028903484344482422	0.0001289844512939453
~home~song~rsc~ccs_skill_scanner~skills_code~ajot~python-alexa-skill-starter-template-cli-v2	0.07916474342346191	15.226745843887329	15.226745843887329	0.0008461475372314453	0.016480445861816406	0.00010991096496582031
~home~song~rsc~ccs_skill_scanner~skills_code~aishu827~Learn-Alexa-the-fun-way~Learn@Alexa@the@fun@way~section@2~2.3	0.08321273326873779	10.419119358062744	10.419119358062744	0.00024271011352539062	0.01584792137145996	0.00011944770812988281
~home~song~rsc~ccs_skill_scanner~skills_code~alexa-samples~skill-sample-nodejs-zero-to-hero~09	0.09415037084270168	285.65203070640564	285.65203070640564	0.0009062290191650391	0.0389711856842041	25.685276746749878
~home~song~rsc~ccs_skill_scanner~skills_code~AdminAlexaBledina~AlexaDocumentation~05_intent_chaining	0.08214690468528053	124.61645221710205	124.61645221710205	0.0006036758422851562	0.019455671310424805	18.67021346092224
~home~song~rsc~ccs_skill_scanner~skills_code~aanyas72~reminder-app-alexa	0.08425021171569824	28.81031560897827	28.81031560897827	0.0010075569152832031	0.01616048812866211	0.00015044212341308594
~home~song~rsc~ccs_skill_scanner~skills_code~alexa-samples~alexa-presentation-language-apl-button-and-voice-interactivty-demo	0.09415037084270168	15.242927074432373	15.242927074432373	0.001314401626586914	0.030589580535888672	0.0001163482666015625
~home~song~rsc~ccs_skill_scanner~skills_code~alexa-samples~skill-sample-nodejs-the-foodie	0.09415037084270168	77.60837078094482	77.60837078094482	0.0006783008575439453	0.03011798858642578	24.286494255065918
~home~song~rsc~ccs_skill_scanner~skills_code~AbhinavTuli~Apartments-Finder	0.08610188961029053	41.00776171684265	41.00776171684265	0.00041747093200683594	0.4193849563598633	0.00010180473327636719
~home~song~rsc~ccs_skill_scanner~skills_code~alexa-samples~reminders-demo	0.09415037084270168	35.72847390174866	35.72847390174866	0.0009248256683349609	0.04442334175109863	0.000274658203125
~home~song~rsc~ccs_skill_scanner~skills_code~aishu-S~Alexa_course_contents~Learn@Alexa@the@fun@way~section@3~3.5	0.08249956369400024	76.90537786483765	76.90537786483765	0.0008835792541503906	0.016115665435791016	0.00012350082397460938
~home~song~rsc~ccs_skill_scanner~skills_code~alexandrapurcarea~exercise-finder	0.09834051132202148	48.50319194793701	48.50319194793701	0.00026226043701171875	0.01903057098388672	0.0001227855682373047
~home~song~rsc~ccs_skill_scanner~skills_code~alexa-samples~skill-sample-nodejs-cloudformation-guide	0.09415037084270168	108.65608167648315	108.65608167648315	0.00021839141845703125	0.09526753425598145	0.00028896331787109375
~home~song~rsc~ccs_skill_scanner~skills_code~alexa~alexa-cookbook~feature-demos~skill-demo-device-location	0.06983083486557007	37.88539910316467	37.88539910316467	0.00024628639221191406	0.031176090240478516	82.00542664527893
~home~song~rsc~ccs_skill_scanner~skills_code~aissam-out~Alexa-Skills-Python~Alexa@Python@-@Alexa@Presentation@Language	0.08171219825744629	16.64843511581421	16.64843511581421	0.0012519359588623047	0.015735864639282227	0.00012612342834472656
~home~song~rsc~ccs_skill_scanner~skills_code~ACloudGuru-Resources~Course_Alexa_Skill_Builder	0.0836883544921875	964.1323058605194	964.1323058605194	0.0002830028533935547	0.26908254623413086	0.00011682510375976562
~home~song~rsc~ccs_skill_scanner~skills_code~AlexaRevolution~book_samples_v1~Ch_14~CuriosidadesdelAjolote	0.08469636738300323	130.5153625011444	130.5153625011444	0.0006372928619384766	0.06577253341674805	22.66072678565979
~home~song~rsc~ccs_skill_scanner~skills_code~alexa~alexa-cookbook~contributing~feature-demo-template	0.06983083486557007	7.921904563903809	7.921904563903809	0.0009970664978027344	0.06588244438171387	0.00010704994201660156
~home~song~rsc~ccs_skill_scanner~skills_code~aaronallenCS	0.08481812477111816	1.1507112979888916	1.1507112979888916	0.0012824535369873047	0.01609635353088379	0.00013446807861328125
~home~song~rsc~ccs_skill_scanner~skills_code~alexa-samples~skill-sample-nodejs-buttons-trivia	0.09415037084270168	578.4508283138275	578.4508283138275	0.0003807544708251953	0.03476119041442871	0.0001480579376220703
~home~song~rsc~ccs_skill_scanner~skills_code~alexa-samples~intent-chaining-auto-delegate-demo	0.09415037084270168	18.467295169830322	18.467295169830322	0.0018055438995361328	0.05687308311462402	17.358375072479248
~home~song~rsc~ccs_skill_scanner~skills_code~alexa~alexa-cookbook~tools~error-notification	0.06983083486557007	54.55605149269104	54.55605149269104	0.00023698806762695312	0.06590890884399414	0.00012755393981933594
~home~song~rsc~ccs_skill_scanner~skills_code~alexa-samples~skill-sample-nodejs-zero-to-hero~07	0.09415037084270168	227.48949360847473	227.48949360847473	0.000537872314453125	0.028739213943481445	22.97448182106018
~home~song~rsc~ccs_skill_scanner~skills_code~AaronWard~amazon-alexa-random-wiki-skill	0.10786581039428711	15.771590232849121	15.771590232849121	0.0002810955047607422	0.4539601802825928	0.00020885467529296875
~home~song~rsc~ccs_skill_scanner~skills_code~ak1132~RedditDealsSkill	0.08131217956542969	45.8399441242218	45.8399441242218	0.0002713203430175781	0.25467562675476074	19.486326932907104
~home~song~rsc~ccs_skill_scanner~skills_code~agrc~digital-assisant-skills	0.08061790466308594	59.587448596954346	59.587448596954346	0.0004253387451171875	0.017365455627441406	0.00011777877807617188
~home~song~rsc~ccs_skill_scanner~skills_code~alexa-samples~apl-interactive-button-demo	0.09415037084270168	8.170340299606323	8.170340299606323	0.001081228256225586	0.0726463794708252	0.0002319812774658203
~home~song~rsc~ccs_skill_scanner~skills_code~akhileshAwasthi~Alexa-Intent-chaining~CornerCafe	0.08997249603271484	62.03381586074829	62.03381586074829	0.0005769729614257812	0.038246870040893555	0.00019359588623046875
~home~song~rsc~ccs_skill_scanner~skills_code~alexa-samples~s3-select-demo	0.09415037084270168	65.44229674339294	65.44229674339294	0.00043010711669921875	0.031012535095214844	0.00018739700317382812
~home~song~rsc~ccs_skill_scanner~skills_code~alexa-samples~skill-sample-nodejs-howto	0.09415037084270168	1400.8509273529053	1400.8509273529053	0.0007615089416503906	0.030783653259277344	0.00010895729064941406
~home~song~rsc~ccs_skill_scanner~skills_code~alexa-samples~skill-sample-nodejs-cloudformation-guide~07_auroraSkill	0.09415037084270168	17.511365175247192	17.511365175247192	0.0007452964782714844	0.02641439437866211	0.00011420249938964844
~home~song~rsc~ccs_skill_scanner~skills_code~aishu-S~Alexa_course_contents~Learn@Alexa@the@fun@way~section@1~1.4	0.08249956369400024	8.43369460105896	8.43369460105896	0.0002734661102294922	0.017665624618530273	0.00011897087097167969
~home~song~rsc~ccs_skill_scanner~skills_code~AlexaSRM~Skilltober-Hacktober-2020	0.08508700132369995	35.91312313079834	35.91312313079834	0.00024318695068359375	2.392551898956299	17.219951391220093
~home~song~rsc~ccs_skill_scanner~skills_code~alexa-labs~workshop-starship-enterprise~Step-2-Build-your-Display	0.08300451437632243	61.345186710357666	61.345186710357666	0.00024175643920898438	0.016481399536132812	0.0001366138458251953
~home~song~rsc~ccs_skill_scanner~skills_code~alexa-samples~skill-sample-nodejs-zero-to-hero~10	0.09415037084270168	288.4508385658264	288.4508385658264	0.000637054443359375	0.33611130714416504	25.90488624572754
~home~song~rsc~ccs_skill_scanner~skills_code~AlexaGroover~AlexaProject~22_Using@Audio@Directive	0.08188860946231419	42.811530113220215	42.811530113220215	0.0003304481506347656	0.016071796417236328	16.54257822036743
~home~song~rsc~ccs_skill_scanner~skills_code~alexa~alexa-cookbook~feature-demos~skill-demo-multi-value-slots	0.06983083486557007	10.57339358329773	10.57339358329773	0.0003173351287841797	0.016268491744995117	0.0001227855682373047
~home~song~rsc~ccs_skill_scanner~skills_code~ahbell96~Project-Skill	0.09532713890075684	19.39288067817688	19.39288067817688	0.0010271072387695312	0.06259274482727051	0.00010776519775390625
~home~song~rsc~ccs_skill_scanner~skills_code~AdminAlexaBledina~AlexaDocumentation~08	0.08214690468528053	250.68701076507568	250.68701076507568	0.0006330013275146484	0.030077457427978516	24.21818470954895
~home~song~rsc~ccs_skill_scanner~skills_code~alexa-samples~skill-sample-nodejs-zero-to-hero~06	0.09415037084270168	166.39257073402405	166.39257073402405	0.0005524158477783203	0.030125856399536133	19.877881050109863
~home~song~rsc~ccs_skill_scanner~skills_code~alexa~alexa-skills-kit-sdk-for-java	0.06983083486557007	12.170532703399658	12.170532703399658	0.0010285377502441406	0.01621699333190918	0.00013875961303710938
~home~song~rsc~ccs_skill_scanner~skills_code~AlexaGroover~AlexaProject~30_Store@data@in@DynamoDB	0.08188860946231419	19.48384737968445	19.48384737968445	0.0010728836059570312	0.02552628517150879	17.175071716308594
~home~song~rsc~ccs_skill_scanner~skills_code~alexa-labs~get-down-skill-series-python	0.08300451437632243	55.16697883605957	55.16697883605957	0.001222372055053711	0.05493497848510742	0.0004360675811767578
~home~song~rsc~ccs_skill_scanner~skills_code~aarjo~alexa-league-rank-finder	0.09374666213989258	46.842968225479126	46.842968225479126	0.0007233619689941406	0.016721248626708984	0.00011730194091796875
~home~song~rsc~ccs_skill_scanner~skills_code~alexa~alexa-cookbook~feature-demos~skill-connections~requester-demo	0.06983083486557007	12.525546312332153	12.525546312332153	0.001004934310913086	0.06234335899353027	0.0001270771026611328
~home~song~rsc~ccs_skill_scanner~skills_code~aishu-S~Alexa_course_contents~Learn@Alexa@the@fun@way~section@2~2.5	0.08249956369400024	5.863825798034668	5.863825798034668	0.0007567405700683594	0.016893625259399414	0.00014138221740722656
~home~song~rsc~ccs_skill_scanner~skills_code~alexa~alexa-cookbook~feature-demos~aws~aws-demo-amazon-sqs	0.06983083486557007	10.278536558151245	10.278536558151245	0.0009534358978271484	0.01670980453491211	0.00010800361633300781
~home~song~rsc~ccs_skill_scanner~skills_code~AlexaRevolution~book_samples_v1~Ch_10~CuriosidadesdelAjolote_external_i18n	0.08469636738300323	51.923338890075684	51.923338890075684	0.00036144256591796875	0.027179956436157227	0.00013184547424316406
~home~song~rsc~ccs_skill_scanner~skills_code~alexa-samples~list-api-list-access-demo	0.09415037084270168	29.451138734817505	29.451138734817505	0.0010442733764648438	0.04357624053955078	0.00010466575622558594
~home~song~rsc~ccs_skill_scanner~skills_code~AlexaLambda~emotiondetection	0.08335280418395996	60.802215337753296	60.802215337753296	0.0002346038818359375	0.017269611358642578	0.0001366138458251953
~home~song~rsc~ccs_skill_scanner~skills_code~aashay4123~Food-Nutrition-Alexa-Skill	0.09723091125488281	40.552093505859375	40.552093505859375	0.0004532337188720703	0.026389598846435547	0.00016951560974121094
~home~song~rsc~ccs_skill_scanner~skills_code~alexa-samples~skill-sample-nodejs-cloudformation-guide~01_defaultSkill	0.09415037084270168	8.31174898147583	8.31174898147583	0.0005390644073486328	0.03017139434814453	0.0001087188720703125
~home~song~rsc~ccs_skill_scanner~skills_code~alexa-samples~skill-sample-python-helloworld-classes	0.09415037084270168	9.289395570755005	9.289395570755005	0.0009791851043701172	0.047650814056396484	0.00010752677917480469
~home~song~rsc~ccs_skill_scanner~skills_code~alexa-samples~alexa-entities-demo	0.09415037084270168	10.61198878288269	10.61198878288269	0.00035381317138671875	0.019828319549560547	0.0001595020294189453
~home~song~rsc~ccs_skill_scanner~skills_code~ACloudGuru-Resources~Course_Alexa_Skill_Builder~Security_And_Privacy~code	0.0836883544921875	85.79326248168945	85.79326248168945	0.0013647079467773438	0.024866580963134766	0.0001277923583984375
~home~song~rsc~ccs_skill_scanner~skills_code~adityarana420~Alexa-Integration-Prototype~mist-va	0.08068418502807617	66.98155546188354	66.98155546188354	0.00031185150146484375	0.06433439254760742	22.856542587280273
~home~song~rsc~ccs_skill_scanner~skills_code~alexa-samples~skill-sample-nodejs-facts-aws-microservice~Final~Alexa-Fact-Skill	0.09415037084270168	20.54681134223938	20.54681134223938	0.0010633468627929688	0.028854846954345703	0.00018644332885742188
~home~song~rsc~ccs_skill_scanner~skills_code~alexa-samples~reference-based-catalog-management	0.09415037084270168	31.4305202960968	31.4305202960968	0.0002446174621582031	0.03193330764770508	0.00017380714416503906
~home~song~rsc~ccs_skill_scanner~skills_code~alexa-samples~delete-persistent-attributes-demo	0.09415037084270168	10.013537883758545	10.013537883758545	0.0009064674377441406	0.022122621536254883	0.00011205673217773438
~home~song~rsc~ccs_skill_scanner~skills_code~ACloudGuru-Resources~Course_Alexa_Skill_Builder~Visual_Components~alexa_pres_language~code	0.0836883544921875	69.68279838562012	69.68279838562012	0.0006804466247558594	0.017080307006835938	0.0001373291015625
~home~song~rsc~ccs_skill_scanner~skills_code~aishu827~Learn-Alexa-the-fun-way~Learn@Alexa@the@fun@way~section@4~4.4	0.08321273326873779	9.502346754074097	9.502346754074097	0.0011072158813476562	0.04912543296813965	0.00031447410583496094
~home~song~rsc~ccs_skill_scanner~skills_code~alexa-samples~timers-demo	0.09415037084270168	109.34675025939941	109.34675025939941	0.0014514923095703125	0.3338451385498047	0.0001087188720703125
~home~song~rsc~ccs_skill_scanner~skills_code~acorbin3~Baby-Words---Alexa-Skill	0.08003640174865723	47.904508113861084	47.904508113861084	0.00024771690368652344	0.015886306762695312	0.00011324882507324219
~home~song~rsc~ccs_skill_scanner~skills_code~aishu-S~Alexa_course_contents~Learn@Alexa@the@fun@way~section@4~4.6	0.08249956369400024	11.89496922492981	11.89496922492981	0.0012366771697998047	0.015474796295166016	0.00013875961303710938
~home~song~rsc~ccs_skill_scanner~skills_code~AlexaGroover~AlexaProject~16_Using@ResponseBuilder@in@Alexa@SDK@v1	0.08188860946231419	10.058777809143066	10.058777809143066	0.00144195556640625	0.06164383888244629	16.2612144947052
~home~song~rsc~ccs_skill_scanner~skills_code~alexa-samples~apl-pager-demo	0.09415037084270168	8.517977476119995	8.517977476119995	0.0010821819305419922	0.026571035385131836	0.00011348724365234375
~home~song~rsc~ccs_skill_scanner~skills_code~alexa-samples~Alexa-Gadgets-Raspberry-Pi-Samples~src~examples~color_cycler~skill~Python	0.09415037084270168	24.91761565208435	24.91761565208435	0.0005981922149658203	0.02819538116455078	0.0001583099365234375
~home~song~rsc~ccs_skill_scanner~skills_code~alexa-samples~videoapp-directive-demo	0.09415037084270168	12.698487043380737	12.698487043380737	0.0010478496551513672	0.031080961227416992	0.0001342296600341797
~home~song~rsc~ccs_skill_scanner~skills_code~ACloudGuru-Resources~Course_Alexa_Skill_Builder~Sound_Effects~code	0.0836883544921875	68.99102592468262	68.99102592468262	0.0012676715850830078	0.026594877243041992	0.00017571449279785156
~home~song~rsc~ccs_skill_scanner~skills_code~alexa-samples~skill-sample-python-alexa-conversations-pet-match~final	0.09415037084270168	9.681275129318237	9.681275129318237	0.0011763572692871094	0.019084692001342773	0.0001385211944580078
~home~song~rsc~ccs_skill_scanner~skills_code~alexa-samples~skill-sample-nodejs-gift-idea	0.09415037084270168	21.613255500793457	21.613255500793457	0.002467632293701172	0.0314786434173584	17.860705137252808
~home~song~rsc~ccs_skill_scanner~skills_code~aishu827~Learn-Alexa-the-fun-way~Learn@Alexa@the@fun@way~section@4~4.6	0.08321273326873779	11.69162130355835	11.69162130355835	0.0011582374572753906	0.02815699577331543	0.0001838207244873047
~home~song~rsc~ccs_skill_scanner~skills_code~alexa-samples~skill-sample-nodejs-first-skill~final	0.09415037084270168	14.306625604629517	14.306625604629517	0.001714944839477539	0.028722763061523438	18.080326318740845
~home~song~rsc~ccs_skill_scanner~skills_code~AlexaGroover~AlexaProject~33_Use@Multi@language	0.08188860946231419	32.918877363204956	32.918877363204956	0.0014064311981201172	0.019887447357177734	16.671586751937866
~home~song~rsc~ccs_skill_scanner~skills_code~AkankshaBodhankar~testcloud9	0.08410239219665527	7.638751745223999	7.638751745223999	0.0010862350463867188	0.026236772537231445	0.00012636184692382812
~home~song~rsc~ccs_skill_scanner~skills_code~AldosAC~fat-cat	0.08425140380859375	36.9439013004303	36.9439013004303	0.0004830360412597656	0.06405329704284668	17.60001277923584
~home~song~rsc~ccs_skill_scanner~skills_code~alexa-samples~community-templates~survey-skill-template	0.09415037084270168	574.3156616687775	574.3156616687775	0.0003566741943359375	0.031513214111328125	22.01957631111145
~home~song~rsc~ccs_skill_scanner~skills_code~AlexaGroover~AlexaProject~23_Using@Video@Directive	0.08188860946231419	49.07050561904907	49.07050561904907	0.0003390312194824219	0.02620387077331543	16.71478772163391
~home~song~rsc~ccs_skill_scanner~skills_code~AlexandraSkogseide~AUI_Notifications_Alexa_Skill	0.08469605445861816	80.6536386013031	80.6536386013031	0.00024056434631347656	0.019429922103881836	0.00011134147644042969
~home~song~rsc~ccs_skill_scanner~skills_code~alexa-samples~skill-sample-nodejs-alexa-conversations-pet-match	0.09415037084270168	11.00008487701416	11.00008487701416	0.0011544227600097656	0.02202320098876953	0.00016164779663085938
~home~song~rsc~ccs_skill_scanner~skills_code~alexa~alexa-cookbook~feature-demos~skill-demo-delete-persistent-attributes	0.06983083486557007	10.646965026855469	10.646965026855469	0.0009860992431640625	0.019862651824951172	0.00010251998901367188
~home~song~rsc~ccs_skill_scanner~skills_code~alexa-labs~workshop-in-skill-purchasing~working	0.08300451437632243	35.33599638938904	35.33599638938904	0.0011544227600097656	0.05394339561462402	0.00038623809814453125
~home~song~rsc~ccs_skill_scanner~skills_code~adithyabhonsley~Fizz-Buzz	0.08106541633605957	43.37982654571533	43.37982654571533	0.0003056526184082031	0.03044605255126953	0.000110626220703125
~home~song~rsc~ccs_skill_scanner~skills_code~AdrianGlez18~Curiosidades-historicas-en-Alexa	0.08174395561218262	67.96101641654968	67.96101641654968	0.00028228759765625	0.026045799255371094	0.00010967254638671875
~home~song~rsc~ccs_skill_scanner~skills_code~alexa-samples~skill-sample-nodejs-zero-to-hero~05_intent_chaining	0.09415037084270168	122.61408972740173	122.61408972740173	0.0006527900695800781	0.039343833923339844	19.002726078033447
~home~song~rsc~ccs_skill_scanner~skills_code~acedonadriatico~The-Snowy-Day-Trivia-Game	0.08973145484924316	29.331003189086914	29.331003189086914	0.0002779960632324219	0.02592754364013672	0.000110626220703125
~home~song~rsc~ccs_skill_scanner~skills_code~alexa-labs~skill-sample-nodejs-task-buddy~lambda~skill	0.08300451437632243	1.73850679397583	1.73850679397583	0.0004367828369140625	0.022101640701293945	0.00013494491577148438
~home~song~rsc~ccs_skill_scanner~skills_code~alexa-dev-hub~alexa-skills~skills-by-the-community~Kashish@Goel	0.09571172640873836	25.455504894256592	25.455504894256592	0.0008568763732910156	0.016239643096923828	0.00013685226440429688
~home~song~rsc~ccs_skill_scanner~skills_code~aidex-hackability~aidex~aidexDrive	0.08870458602905273	57.78112530708313	57.78112530708313	0.0015354156494140625	0.026270151138305664	0.000110626220703125
~home~song~rsc~ccs_skill_scanner~skills_code~AlexaGroover~AlexaProject~26_ElicitSlot@Directive	0.08188860946231419	18.44384479522705	18.44384479522705	0.0010573863983154297	0.026621341705322266	16.439953088760376
~home~song~rsc~ccs_skill_scanner~skills_code~alexa-samples~skill-sample-nodejs-multi	0.09415037084270168	47.85759353637695	47.85759353637695	0.0002651214599609375	0.01877880096435547	0.0001506805419921875
~home~song~rsc~ccs_skill_scanner~skills_code~alexa-samples~reminders-api-banana-stand-demo	0.09415037084270168	14.510704040527344	14.510704040527344	0.0009982585906982422	0.021840572357177734	0.00010967254638671875
~home~song~rsc~ccs_skill_scanner~skills_code~alexa~alexa-cookbook~feature-demos~skill-demo-display-directive	0.06983083486557007	40.47237706184387	40.47237706184387	0.00029730796813964844	0.025363445281982422	0.0001201629638671875
~home~song~rsc~ccs_skill_scanner~skills_code~aarlin~vin-generator	0.10002843538920085	3.6054606437683105	3.6054606437683105	0.0011267662048339844	0.03000187873840332	0.00011610984802246094
~home~song~rsc~ccs_skill_scanner~skills_code~alcloudreach~twitter-reInvent~alexa-skill	0.08171343803405762	12.818586587905884	12.818586587905884	0.001154184341430664	0.016309022903442383	0.00013184547424316406
~home~song~rsc~ccs_skill_scanner~skills_code~aishu827~Learn-Alexa-the-fun-way~Learn@Alexa@the@fun@way~section@2~2.1	0.08321273326873779	8.23161268234253	8.23161268234253	0.0010313987731933594	0.015262603759765625	0.0001347064971923828
~home~song~rsc~ccs_skill_scanner~skills_code~alexa-samples~skill-sample-controls-hello-world	0.09415037084270168	8.495576858520508	8.495576858520508	0.0009968280792236328	0.03073406219482422	0.00010371208190917969
~home~song~rsc~ccs_skill_scanner~skills_code~AlexaSRM~Zombie-Fever~Zombie@Fever~.deploy	0.08508700132369995	3.598317861557007	3.598317861557007	0.001127004623413086	0.021193981170654297	0.0001232624053955078
~home~song~rsc~ccs_skill_scanner~skills_code~alexa-samples~community-templates~scheduling-skill-template	0.09415037084270168	675.2705845832825	675.2705845832825	0.00035881996154785156	0.04011964797973633	23.088502407073975
~home~song~rsc~ccs_skill_scanner~skills_code~aaronshim~alexa-skills~github-today	0.08656144142150879	23.55497932434082	23.55497932434082	0.00022125244140625	0.016660451889038086	0.00012874603271484375
~home~song~rsc~ccs_skill_scanner~skills_code~alexa-samples~skill-sample-python-first-skill	0.09415037084270168	24.870044708251953	24.870044708251953	0.0007779598236083984	0.018785715103149414	0.00012993812561035156
~home~song~rsc~ccs_skill_scanner~skills_code~alexa-samples~skill-sample-python-multi	0.09415037084270168	39.37817668914795	39.37817668914795	0.00023174285888671875	0.026365995407104492	0.0001163482666015625
~home~song~rsc~ccs_skill_scanner~skills_code~adamgruber~alexa-skill-boilerplate	0.07469940185546875	14.555120468139648	14.555120468139648	0.0008957386016845703	0.026388168334960938	0.00012183189392089844
~home~song~rsc~ccs_skill_scanner~skills_code~AlexaGroover~AlexaProject~25_Delegate@Directive	0.08188860946231419	11.984163522720337	11.984163522720337	0.0015110969543457031	0.025423288345336914	16.24574637413025
~home~song~rsc~ccs_skill_scanner~skills_code~alexa-dev-hub~alexa-skills~skills-by-the-community~Divya_Dayashankar_Jaiswal	0.09571172640873836	25.547417879104614	25.547417879104614	0.0008614063262939453	0.01634693145751953	0.0001285076141357422
~home~song~rsc~ccs_skill_scanner~skills_code~alexa-samples~proactive-events-demo~skill	0.09415037084270168	35.55553698539734	35.55553698539734	0.0002453327178955078	0.030879735946655273	0.000141143798828125
~home~song~rsc~ccs_skill_scanner~skills_code~alexa-dev-hub~alexa-skills~skills-by-the-team~GarimaSingh~Hello@world	0.09571172640873836	8.40053129196167	8.40053129196167	0.0010013580322265625	0.016553401947021484	0.00014400482177734375
~home~song~rsc~ccs_skill_scanner~skills_code~alexa~alexa-cookbook~feature-demos~skill-demo-progressive-response	0.06983083486557007	32.74653196334839	32.74653196334839	0.0002465248107910156	0.02656698226928711	0.00010776519775390625
~home~song~rsc~ccs_skill_scanner~skills_code~alexa~alexa-cookbook~feature-demos~skill-demo-catalog-entity	0.06983083486557007	31.738510131835938	31.738510131835938	0.0002560615539550781	0.016394376754760742	0.00013494491577148438
~home~song~rsc~ccs_skill_scanner~skills_code~alexa-samples~skill-sample-nodejs-petmatch	0.09415037084270168	66.60778570175171	66.60778570175171	0.0005140304565429688	0.018146991729736328	0.0001163482666015625
~home~song~rsc~ccs_skill_scanner~skills_code~aktarinaakhi~python-alexa-audio-streaming-example-skill	0.10871469974517822	18.774616718292236	18.774616718292236	0.0006341934204101562	0.47190380096435547	0.0001575946807861328
~home~song~rsc~ccs_skill_scanner~skills_code~alexa-samples~skill-sample-nodejs-city-guide	0.09415037084270168	80.3714509010315	80.3714509010315	0.0002834796905517578	0.019616127014160156	0.00012540817260742188
~home~song~rsc~ccs_skill_scanner~skills_code~adityakaushal5nov~Alexa_Salesforce_RestService~Lambda+Skill	0.09732770919799805	39.33973574638367	39.33973574638367	0.0002579689025878906	0.03539276123046875	0.00011348724365234375
~home~song~rsc~ccs_skill_scanner~skills_code~alexa~alexa-cookbook~feature-demos~reminders-api~skill-demo-reminders	0.06983083486557007	37.10582637786865	37.10582637786865	0.00027060508728027344	0.06353449821472168	0.00011944770812988281
~home~song~rsc~ccs_skill_scanner~skills_code~aegixx~alexa-rewards	0.09059715270996094	1.152054786682129	1.152054786682129	0.0009894371032714844	0.027633190155029297	9.942054748535156e-05
~home~song~rsc~ccs_skill_scanner~skills_code~alexa-samples~skill-sample-python-first-skill~i18n	0.09415037084270168	15.3820059299469	15.3820059299469	0.0004153251647949219	0.020556211471557617	88.80576038360596
~home~song~rsc~ccs_skill_scanner~skills_code~aktarinaakhi~python-alexa-audio-streaming-example-skill~lambda	0.10871469974517822	19.13938045501709	19.13938045501709	0.0004096031188964844	0.02537393569946289	0.00023603439331054688
~home~song~rsc~ccs_skill_scanner~skills_code~alexa-samples~alexa-salesforce-notes-sample	0.09415037084270168	100.92620277404785	100.92620277404785	0.00036716461181640625	0.4287736415863037	0.0001366138458251953
~home~song~rsc~ccs_skill_scanner~skills_code~alexa-samples~skill-sample-nodejs-buttons-colorchanger	0.09415037084270168	153.6721532344818	153.6721532344818	0.0002522468566894531	0.02017498016357422	0.00014734268188476562
~home~song~rsc~ccs_skill_scanner~skills_code~alexa-samples~multi-value-slots-demo	0.09415037084270168	10.533575057983398	10.533575057983398	0.001622915267944336	0.02898573875427246	0.0001304149627685547
~home~song~rsc~ccs_skill_scanner~skills_code~aishu-S~Alexa_course_contents~Learn@Alexa@the@fun@way~section@1~1.3	0.08249956369400024	8.409971237182617	8.409971237182617	0.0012156963348388672	0.028444290161132812	0.00012421607971191406
~home~song~rsc~ccs_skill_scanner~skills_code~alexa-samples~list-api-create-get-custom-list-demo	0.09415037084270168	17.628912448883057	17.628912448883057	0.0011413097381591797	0.04552817344665527	0.00010609626770019531
~home~song~rsc~ccs_skill_scanner~skills_code~alexa-samples~skill-sample-nodejs-humour-me	0.09415037084270168	36.831936836242676	36.831936836242676	0.0011441707611083984	0.030102252960205078	0.0001049041748046875
~home~song~rsc~ccs_skill_scanner~skills_code~alexa~alexa-for-business~location-aware~HelpDesk	0.06983083486557007	20.123237133026123	20.123237133026123	0.0010256767272949219	0.05114912986755371	0.0005066394805908203
~home~song~rsc~ccs_skill_scanner~skills_code~alexa-samples~skill-sample-nodejs-cloudformation-guide~02_basicSkill	0.09415037084270168	7.052137613296509	7.052137613296509	0.0010275840759277344	0.033622026443481445	0.00011181831359863281
~home~song~rsc~ccs_skill_scanner~skills_code~alexa-samples~skill-sample-nodejs-feed	0.09415037084270168	133.23848295211792	133.23848295211792	0.0005507469177246094	0.022108078002929688	0.00012445449829101562
~home~song~rsc~ccs_skill_scanner~skills_code~alexa~alexa-cookbook~feature-demos~skill-demo-entity-resolution	0.06983083486557007	56.9038622379303	56.9038622379303	0.0007393360137939453	0.028003454208374023	0.00011658668518066406
~home~song~rsc~ccs_skill_scanner~skills_code~aissam-out~Alexa-Skills-Python~Alexa@Python@-@Create@the@skill	0.08171219825744629	12.594001054763794	12.594001054763794	0.0010151863098144531	0.015991926193237305	0.00013709068298339844
~home~song~rsc~ccs_skill_scanner~skills_code~alexa-samples~shared-slots-demo~recipe-skill-shared-slots	0.09415037084270168	31.100380182266235	31.100380182266235	0.001127481460571289	0.03189349174499512	0.00013256072998046875
~home~song~rsc~ccs_skill_scanner~skills_code~alexa-samples~skill-sample-nodejs-name-the-show	0.09415037084270168	43.57136607170105	43.57136607170105	0.0002796649932861328	0.030951976776123047	0.00014281272888183594
~home~song~rsc~ccs_skill_scanner~skills_code~alexa-samples~skill-sample-nodejs-quiz-game	0.09415037084270168	154.69110679626465	154.69110679626465	0.00042939186096191406	0.028424978256225586	0.00013875961303710938
~home~song~rsc~ccs_skill_scanner~skills_code~alexa-samples~Alexa-Gadgets-Raspberry-Pi-Samples~src~examples~color_cycler~skill~NodeJS	0.09415037084270168	44.062143325805664	44.062143325805664	0.00021576881408691406	0.028749465942382812	0.00012373924255371094
~home~song~rsc~ccs_skill_scanner~skills_code~alexa-dev-hub~alexa-skill-guess-my-character	0.09571172640873836	12.33243179321289	12.33243179321289	0.001316070556640625	0.0162661075592041	16.650105953216553
~home~song~rsc~ccs_skill_scanner~skills_code~alexa-samples~apl-lazy-load-lists-demo	0.09415037084270168	25.815576314926147	25.815576314926147	0.001924753189086914	0.03262066841125488	0.00011348724365234375
~home~song~rsc~ccs_skill_scanner~skills_code~alexa~alexa-cookbook~feature-demos~skill-demo-shared-slots~recipe-skill-shared-slots-extended	0.06983083486557007	32.09792137145996	32.09792137145996	0.0002601146697998047	0.016521215438842773	0.00014925003051757812
~home~song~rsc~ccs_skill_scanner~skills_code~alexa-samples~skill-sample-nodejs-zero-to-hero~02	0.09415037084270168	44.72642803192139	44.72642803192139	0.00023293495178222656	0.02426600456237793	0.0001437664031982422
~home~song~rsc~ccs_skill_scanner~skills_code~AlexaRevolution~book_samples_v1~Ch_15~CuriosidadesdelAjolote	0.08469636738300323	135.89701008796692	135.89701008796692	0.00045228004455566406	0.03805947303771973	22.60242009162903
~home~song~rsc~ccs_skill_scanner~skills_code~alexa-samples~skill-sample-nodejs-fact-in-skill-purchases	0.09415037084270168	117.29854607582092	117.29854607582092	0.0003445148468017578	0.029168128967285156	0.00012564659118652344
~home~song~rsc~ccs_skill_scanner~skills_code~alexa-samples~skill-sample-nodejs-linked-profile	0.09415037084270168	27.94837498664856	27.94837498664856	0.0013370513916015625	0.03072667121887207	0.00010156631469726562
~home~song~rsc~ccs_skill_scanner~skills_code~adiragnam~Indian-cricket-trivia	0.07850098609924316	85.00665545463562	85.00665545463562	0.00022673606872558594	0.01670551300048828	9.870529174804688e-05
~home~song~rsc~ccs_skill_scanner~skills_code~alexa-samples~skill-sample-nodejs-cloudformation-guide~03_dynamoDbSkill	0.09415037084270168	10.743278980255127	10.743278980255127	0.001116037368774414	0.0424504280090332	0.00010800361633300781
~home~song~rsc~ccs_skill_scanner~skills_code~AlexaGroover~AlexaProject~18_Use@CloudWatch	0.08188860946231419	18.252177000045776	18.252177000045776	0.0012810230255126953	0.036718130111694336	16.221012592315674
~home~song~rsc~ccs_skill_scanner~skills_code~alexa-labs~alexa-twitch-raffle~Code~alexa_skill	0.08300451437632243	16.211035013198853	16.211035013198853	0.0008502006530761719	0.016519784927368164	0.00013017654418945312
~home~song~rsc~ccs_skill_scanner~skills_code~alexa-samples~skill-sample-nodejs-facts-aws-microservice~Section3~Alexa-Fact-Skill	0.09415037084270168	23.56577730178833	23.56577730178833	0.0002639293670654297	0.016720294952392578	0.00011444091796875
~home~song~rsc~ccs_skill_scanner~skills_code~aespringfield~seconds	0.08796477317810059	280.72389674186707	280.72389674186707	0.0002601146697998047	0.07305741310119629	0.00010061264038085938
~home~song~rsc~ccs_skill_scanner~skills_code~abhaykhawas~newsomething~lambda	0.000893712043762207	4.754885673522949	4.754885673522949	0.0010716915130615234	0.01663064956665039	0.00013303756713867188
~home~song~rsc~ccs_skill_scanner~skills_code~alexa-samples~skill-sample-nodejs-cloudformation-guide~05_cloudWatchAlarmSkill	0.09415037084270168	53.469133138656616	53.469133138656616	0.00023674964904785156	0.028725147247314453	0.00019478797912597656
~home~song~rsc~ccs_skill_scanner~skills_code~abastienIIT~SimonAlexa	0.09574508666992188	15.36268162727356	15.36268162727356	0.0012087821960449219	0.038132667541503906	0.00011181831359863281
~home~song~rsc~ccs_skill_scanner~skills_code~alexa-samples~reminders-api-medicine-reminder-python	0.09415037084270168	25.962691068649292	25.962691068649292	0.001020669937133789	0.02022552490234375	0.0001423358917236328
~home~song~rsc~ccs_skill_scanner~skills_code~ACloudGuru-Resources~Course_Alexa_Skill_Builder~Visual_Components~display_templates~code	0.0836883544921875	75.34901738166809	75.34901738166809	0.0002853870391845703	0.016809463500976562	0.0001227855682373047
~home~song~rsc~ccs_skill_scanner~skills_code~aishu-S~Alexa_course_contents~Learn@Alexa@the@fun@way~section@2~2.4	0.08249956369400024	44.05796456336975	44.05796456336975	0.0016322135925292969	0.028817415237426758	17.120339393615723
~home~song~rsc~ccs_skill_scanner~skills_code~alexa-samples~skill-sample-nodejs-buttons-hellobuttons	0.09415037084270168	63.53964447975159	63.53964447975159	0.0009493827819824219	0.03368782997131348	0.00010585784912109375
~home~song~rsc~ccs_skill_scanner~skills_code~aldirjr~Hello-Alexa	0.08068275451660156	7.285241603851318	7.285241603851318	0.001016378402709961	0.025435686111450195	0.00011920928955078125
~home~song~rsc~ccs_skill_scanner~skills_code~AlexaCMIndia~skill-sample-nodejs-global-persistence	0.08223104476928711	35.74049425125122	35.74049425125122	0.0003986358642578125	0.24948668479919434	0.00010228157043457031
~home~song~rsc~ccs_skill_scanner~skills_code~AdminAlexaBledina~AlexaDocumentation~01	0.08214690468528053	8.39597225189209	8.39597225189209	0.00024580955505371094	0.01531982421875	0.00012826919555664062
~home~song~rsc~ccs_skill_scanner~skills_code~alexa-samples~skill-sample-nodejs-alexa-conversations-pet-match~final	0.09415037084270168	10.384502649307251	10.384502649307251	0.001201629638671875	0.02050948143005371	0.00012445449829101562
~home~song~rsc~ccs_skill_scanner~skills_code~AlexaGroover~AlexaProject~28_ConfirmIntent@Directive	0.08188860946231419	24.208016633987427	24.208016633987427	0.0011303424835205078	0.02562999725341797	16.88578987121582
~home~song~rsc~ccs_skill_scanner~skills_code~alexa~alexa-cookbook~feature-demos~list-api~skill-demo-list-access	0.06983083486557007	29.39301109313965	29.39301109313965	0.0003638267517089844	0.06287288665771484	0.00011348724365234375
~home~song~rsc~ccs_skill_scanner~skills_code~alexa-dev-hub~Alexa-HackTheOctober-2~amzn1.ask.skill.a3d84f7b-5031-4126-bdb4-54a34347ede2	0.09571172640873836	14.425270795822144	14.425270795822144	0.0010547637939453125	0.025250911712646484	0.00012063980102539062
~home~song~rsc~ccs_skill_scanner~skills_code~actsasrob~lircdo_ask	0.16753888130187988	243.70211791992188	243.70211791992188	0.0007827281951904297	0.4204530715942383	0.00022172927856445312
~home~song~rsc~ccs_skill_scanner~skills_code~alexa-samples~skill-sample-nodejs-berry-bash	0.09415037084270168	127.25640082359314	127.25640082359314	0.0013778209686279297	0.04338860511779785	0.00010776519775390625
~home~song~rsc~ccs_skill_scanner~skills_code~5k~alexa-template-http-request-promise	0.08406519889831543	20.160882472991943	20.160882472991943	0.00029969215393066406	0.02719712257385254	0.00011229515075683594
~home~song~rsc~ccs_skill_scanner~skills_code~AlexaRevolution~book_samples_v1~Ch_6~CuriosidadesdelAjolote	0.08469636738300323	66.66316437721252	66.66316437721252	0.00035500526428222656	0.06375432014465332	0.0001316070556640625
~home~song~rsc~ccs_skill_scanner~skills_code~alexa-samples~skill-sample-nodejs-alexa-conversations-weather-bot	0.09415037084270168	8.122420310974121	8.122420310974121	0.0012497901916503906	0.033013343811035156	0.0001010894775390625
~home~song~rsc~ccs_skill_scanner~skills_code~alexa-samples~amazon-pay-demo	0.09415037084270168	37.13185405731201	37.13185405731201	0.00021886825561523438	0.1729271411895752	0.00011181831359863281
~home~song~rsc~ccs_skill_scanner~skills_code~alexa~alexa-cookbook~feature-demos~skill-demo-timers-python	0.06983083486557007	24.776984930038452	24.776984930038452	0.0009181499481201172	0.02541971206665039	0.00012683868408203125
~home~song~rsc~ccs_skill_scanner~skills_code~aishu-S~Alexa_course_contents~Learn@Alexa@the@fun@way~section@1~1.5	0.08249956369400024	9.587131977081299	9.587131977081299	0.001222848892211914	0.03205394744873047	0.00012826919555664062
~home~song~rsc~ccs_skill_scanner~skills_code~alexa-samples~skill-sample-nodejs-trivia-pal	0.09415037084270168	20.015047311782837	20.015047311782837	0.0016634464263916016	0.029896020889282227	17.107633113861084
~home~song~rsc~ccs_skill_scanner~skills_code~alexa-labs~workshop-in-skill-purchasing~lab-2-completed	0.08300451437632243	44.75054860115051	44.75054860115051	0.0010318756103515625	0.029552221298217773	0.000118255615234375
~home~song~rsc~ccs_skill_scanner~skills_code~alexa-samples~skill-sample-nodejs-zero-to-hero~03	0.09415037084270168	46.75388693809509	46.75388693809509	0.0004985332489013672	0.026430368423461914	16.966298818588257
~home~song~rsc~ccs_skill_scanner~skills_code~AdminAlexaBledina~AlexaDocumentation~09	0.08214690468528053	286.3159132003784	286.3159132003784	0.0005588531494140625	0.030190229415893555	24.026705026626587
~home~song~rsc~ccs_skill_scanner~skills_code~AlexaGroover~AlexaProject~15_Use@Alexa@SDK@v1@Apdapter	0.08188860946231419	6.091629505157471	6.091629505157471	0.0014641284942626953	0.028052806854248047	15.76469373703003
~home~song~rsc~ccs_skill_scanner~skills_code~alexa-samples~skill-sample-java-quiz-game	0.09415037084270168	71.6510181427002	71.6510181427002	0.0004019737243652344	0.018531322479248047	0.00010657310485839844
~home~song~rsc~ccs_skill_scanner~skills_code~alexa-dev-hub~alexa-skills~skills-by-the-community~Kanishka@Gupta	0.09571172640873836	25.334850788116455	25.334850788116455	0.0010652542114257812	0.02831888198852539	0.00011944770812988281
~home~song~rsc~ccs_skill_scanner~skills_code~alexa-labs~skill-sample-alexa-for-apps	0.08300451437632243	25.71625304222107	25.71625304222107	0.0005877017974853516	0.06254386901855469	0.00016999244689941406
~home~song~rsc~ccs_skill_scanner~skills_code~AlexaGroover~AlexaProject~20_Using@Cards	0.08188860946231419	31.049455165863037	31.049455165863037	0.00045680999755859375	0.03637433052062988	16.655187368392944
~home~song~rsc~ccs_skill_scanner~skills_code~alexa-samples~skill-connections-requester-demo	0.09415037084270168	12.315273523330688	12.315273523330688	0.0009887218475341797	0.030739784240722656	0.00010752677917480469
~home~song~rsc~ccs_skill_scanner~skills_code~alexa-samples~skill-sample-python-helloworld-decorators	0.09415037084270168	8.396335363388062	8.396335363388062	0.0005078315734863281	0.03530263900756836	0.00010371208190917969
~home~song~rsc~ccs_skill_scanner~skills_code~alexa-samples~skill-sample-python-city-guide	0.09415037084270168	82.6286826133728	82.6286826133728	0.0002810955047607422	0.01932978630065918	0.0001227855682373047
~home~song~rsc~ccs_skill_scanner~skills_code~alexa-labs~workshop-starship-enterprise~Step-4-Make-Money-with-In-Skill-Purchasing	0.08300451437632243	92.25991368293762	92.25991368293762	0.00025582313537597656	0.017084360122680664	0.00012159347534179688
~home~song~rsc~ccs_skill_scanner~skills_code~AdonousTech	0.0871427059173584	1.2014741897583008	1.2014741897583008	0.0009350776672363281	0.02910923957824707	0.00012040138244628906
~home~song~rsc~ccs_skill_scanner~skills_code~AlexaRevolution~book_samples_v1~Ch_4~testskill	0.08469636738300323	8.319369316101074	8.319369316101074	0.0009829998016357422	0.03073573112487793	0.00016498565673828125
~home~song~rsc~ccs_skill_scanner~skills_code~aioverlords~Alexa-Translation-Skill-Google-NLU~Alexa-Skill	0.09594511985778809	41.756189584732056	41.756189584732056	0.000339508056640625	0.5531175136566162	0.00010418891906738281
~home~song~rsc~ccs_skill_scanner~skills_code~alexa-dev-hub~Alexa-HackTheOctober-2	0.09571172640873836	401.69435119628906	401.69435119628906	0.00022792816162109375	0.030031681060791016	0.0001251697540283203
~home~song~rsc~ccs_skill_scanner~skills_code~AlexaGroover~AlexaProject~31_Account@Linking	0.08188860946231419	23.641284942626953	23.641284942626953	0.0010230541229248047	0.02648162841796875	17.41690468788147
~home~song~rsc~ccs_skill_scanner~skills_code~alexa-samples~skill-sample-python-buttons-hellobuttons	0.09415037084270168	49.64423227310181	49.64423227310181	0.0006005764007568359	0.03207087516784668	0.00011873245239257812
~home~song~rsc~ccs_skill_scanner~skills_code~aishu-S~Alexa_course_contents~Learn@Alexa@the@fun@way~section@3~3.4	0.08249956369400024	28.456418752670288	28.456418752670288	0.0009708404541015625	0.017310142517089844	0.00013637542724609375
~home~song~rsc~ccs_skill_scanner~skills_code~AlexaGroover~AlexaProject~32_State@Management	0.08188860946231419	16.269235849380493	16.269235849380493	0.0012664794921875	0.02571582794189453	16.341382265090942
~home~song~rsc~ccs_skill_scanner~skills_code~akpersad~Vitagraph-Alexa-Skill	0.1103215217590332	41.600767374038696	41.600767374038696	0.0009908676147460938	0.05676603317260742	0.0004057884216308594
~home~song~rsc~ccs_skill_scanner~skills_code~adams-liu~SmartMirrorG36~src~examples~color_cycler~skill~NodeJS	0.07611894607543945	46.75394868850708	46.75394868850708	0.0008881092071533203	0.028337717056274414	0.00011754035949707031
~home~song~rsc~ccs_skill_scanner~skills_code~alexa-labs~skill-sample-nodejs-level-up-riddles~Step@1@-@Add@Advanced@Voice@Design	0.08300451437632243	49.58108448982239	49.58108448982239	0.0004940032958984375	0.03168463706970215	16.837406873703003
~home~song~rsc~ccs_skill_scanner~skills_code~alexapoc~small-business-lead-form-skill	0.09552597999572754	1.2133607864379883	1.2133607864379883	0.002141714096069336	0.017360925674438477	23.62155532836914
~home~song~rsc~ccs_skill_scanner~skills_code~aishu-S~Alexa_course_contents~Learn@Alexa@the@fun@way~section@2~2.1	0.08249956369400024	8.344311475753784	8.344311475753784	0.0010709762573242188	0.028157949447631836	0.00017690658569335938
~home~song~rsc~ccs_skill_scanner~skills_code~alexa~alexa-cookbook~feature-demos~skill-demo-tasks	0.06983083486557007	47.96872544288635	47.96872544288635	0.00040531158447265625	0.017203807830810547	0.00011444091796875
~home~song~rsc~ccs_skill_scanner~skills_code~acucciniello~business-bear	0.08019852638244629	8.940755605697632	8.940755605697632	0.00022721290588378906	0.018555641174316406	0.00016546249389648438
~home~song~rsc~ccs_skill_scanner~skills_code~adrianalic~aws-ai-qna-bot~test~alexa	0.1257648468017578	15.217320919036865	15.217320919036865	0.0008845329284667969	0.02538895606994629	0.00010514259338378906
~home~song~rsc~ccs_skill_scanner~skills_code~alexa-samples~skill-sample-nodejs-salesforce	0.09415037084270168	111.0443525314331	111.0443525314331	0.0004398822784423828	0.03032231330871582	0.0001227855682373047
~home~song~rsc~ccs_skill_scanner~skills_code~AbhinavTuli~Foodie-Index	0.08610188961029053	26.728302240371704	26.728302240371704	0.0006771087646484375	0.49956727027893066	0.0002124309539794922
~home~song~rsc~ccs_skill_scanner~skills_code~alexa-samples~skill-sample-nodejs-adventure-game	0.09415037084270168	28.62938404083252	28.62938404083252	0.0014874935150146484	0.01979231834411621	0.00011992454528808594
~home~song~rsc~ccs_skill_scanner~skills_code~ACloudGuru-Resources~Course_Alexa_Skill_Builder~In_Skill_Purchasing_ISP~code	0.0836883544921875	86.07625079154968	86.07625079154968	0.00029468536376953125	0.018229007720947266	0.000125885009765625
~home~song~rsc~ccs_skill_scanner~skills_code~akersh-s~sample-skill-nodejs-sauce-boss	0.08247494697570801	142.74941754341125	142.74941754341125	0.0002918243408203125	0.028214216232299805	0.0001308917999267578
~home~song~rsc~ccs_skill_scanner~skills_code~alexander-ma~ovation-project	0.1065903902053833	12.506038904190063	12.506038904190063	0.001163482666015625	0.06397294998168945	0.00012040138244628906
~home~song~rsc~ccs_skill_scanner~skills_code~AcrossTheCloud~TBA21-Alexa	0.08929789066314697	31.55353283882141	31.55353283882141	0.0002884864807128906	0.016202688217163086	0.0001399517059326172
~home~song~rsc~ccs_skill_scanner~skills_code~AlexaRevolution~book_samples_v1~Ch_13~CuriosidadesdelAjolote	0.08469636738300323	96.63274383544922	96.63274383544922	0.002130270004272461	0.06319785118103027	20.47942090034485
~home~song~rsc~ccs_skill_scanner~skills_code~alexa-dev-hub~alexa-skills~IntentChain	0.09571172640873836	24.291667938232422	24.291667938232422	0.0009555816650390625	0.016096830368041992	0.00014066696166992188
~home~song~rsc~ccs_skill_scanner~skills_code~alexa-labs~skill-sample-java-pager-karaoke	0.08300451437632243	1.2646420001983643	1.2646420001983643	0.0011374950408935547	0.020740032196044922	0.000118255615234375
~home~song~rsc~ccs_skill_scanner~skills_code~aishu827~Learn-Alexa-the-fun-way~Learn@Alexa@the@fun@way~section@2~2.4	0.08321273326873779	45.499748945236206	45.499748945236206	0.0008127689361572266	0.01685810089111328	16.657803058624268
~home~song~rsc~ccs_skill_scanner~skills_code~alexa-samples~skill-sample-python-fact-in-skill-purchases	0.09415037084270168	151.63043212890625	151.63043212890625	0.0003571510314941406	0.032919883728027344	0.00010848045349121094
~home~song~rsc~ccs_skill_scanner~skills_code~alexa-samples~device-location-demo~lambda~java~src~com~amazon~ask~demo~DeviceLocation	0.09415037084270168	1.1881811618804932	1.1881811618804932	0.0009832382202148438	0.018051862716674805	0.00012993812561035156
~home~song~rsc~ccs_skill_scanner~skills_code~alexa~alexa-skills-kit-sdk-for-python~samples~GetDeviceAddress	0.06983083486557007	21.699671745300293	21.699671745300293	0.0011150836944580078	0.03931260108947754	0.0001285076141357422
~home~song~rsc~ccs_skill_scanner~skills_code~alexa~alexa-cookbook~feature-demos~skill-demo-person-profile	0.06983083486557007	24.9600031375885	24.9600031375885	0.0006928443908691406	0.01681804656982422	16.764954566955566
~home~song~rsc~ccs_skill_scanner~skills_code~alexa~alexa-cookbook~feature-demos~skill-demo-dynamic-location	0.06983083486557007	44.461737871170044	44.461737871170044	0.00026226043701171875	0.01739811897277832	17.760998964309692
~home~song~rsc~ccs_skill_scanner~skills_code~alexa-samples~skill-sample-nodejs-pet-tales	0.09415037084270168	174.6350383758545	174.6350383758545	0.00044608116149902344	0.021222352981567383	0.00013017654418945312
~home~song~rsc~ccs_skill_scanner~skills_code~AlexaGroover~AlexaProject~29_Obtain@Device@Information	0.08188860946231419	56.90008878707886	56.90008878707886	0.00038433074951171875	0.06205558776855469	4.268892288208008
~home~song~rsc~ccs_skill_scanner~skills_code~alexa-samples~skill-sample-nodejs-demo-store-amazon-pay	0.09415037084270168	73.02178049087524	73.02178049087524	0.0003681182861328125	0.0333104133605957	0.00012183189392089844
~home~song~rsc~ccs_skill_scanner~skills_code~AcrossTheCloud~TBA21-OA-Alexa	0.08929789066314697	1.2285971641540527	1.2285971641540527	0.0011942386627197266	0.5307185649871826	0.00010180473327636719
~home~song~rsc~ccs_skill_scanner~skills_code~alexa-labs~skill-sample-nodejs-pager-karaoke	0.08300451437632243	23.61168909072876	23.61168909072876	0.00022220611572265625	0.01871013641357422	0.00011229515075683594
~home~song~rsc~ccs_skill_scanner~skills_code~alexa-samples~skill-sample-nodejs-fact	0.09415037084270168	217.1671199798584	217.1671199798584	0.00029468536376953125	0.02120804786682129	0.0001227855682373047
~home~song~rsc~ccs_skill_scanner~skills_code~alexa-labs~skill-sample-nodejs-level-up-riddles~Step@0@-@Initialize@Riddle@Game	0.08300451437632243	45.94923377037048	45.94923377037048	0.00040531158447265625	0.01625370979309082	0.00011420249938964844
~home~song~rsc~ccs_skill_scanner~skills_code~alexa-samples~dialog-delegate-demo	0.09415037084270168	22.63954210281372	22.63954210281372	0.0006456375122070312	0.017531871795654297	17.52336597442627
~home~song~rsc~ccs_skill_scanner~skills_code~AlexaRevolution~book_samples_v1~Ch_7~CuriosidadesdelAjolote	0.08469636738300323	67.2719292640686	67.2719292640686	0.0003502368927001953	0.017267704010009766	0.0001163482666015625
~home~song~rsc~ccs_skill_scanner~skills_code~AdminAlexaBledina~AlexaDocumentation~10	0.08214690468528053	290.478732585907	290.478732585907	0.0005538463592529297	0.3329498767852783	24.472765684127808
~home~song~rsc~ccs_skill_scanner~skills_code~alexa-samples~skill-sample-python-alexa-conversations-pet-match	0.09415037084270168	9.78188419342041	9.78188419342041	0.0011599063873291016	0.029360532760620117	0.00012302398681640625
~home~song~rsc~ccs_skill_scanner~skills_code~alexa-labs~apl-for-audio-python-no-look-weather	0.08300451437632243	10.761166334152222	10.761166334152222	0.0011174678802490234	0.06182432174682617	0.00011372566223144531
~home~song~rsc~ccs_skill_scanner~skills_code~alexa~alexa-cookbook~feature-demos~skill-demo-alexa-entities	0.06983083486557007	10.725284099578857	10.725284099578857	0.00046133995056152344	0.026773929595947266	0.00011610984802246094
~home~song~rsc~ccs_skill_scanner~skills_code~alexa-samples~skill-sample-python-buttons-colorchanger	0.09415037084270168	117.21432042121887	117.21432042121887	0.0002532005310058594	0.01914811134338379	0.00010728836059570312
~home~song~rsc~ccs_skill_scanner~skills_code~agrygo99~MyTarotCard	0.08699822425842285	194.13201570510864	194.13201570510864	0.00032901763916015625	0.06344866752624512	0.00011491775512695312
~home~song~rsc~ccs_skill_scanner~skills_code~alexa~alexa-cookbook~feature-demos~skill-demo-intent-chaining-auto-delegate	0.06983083486557007	18.55589771270752	18.55589771270752	0.0018994808197021484	0.03429436683654785	16.690439462661743
~home~song~rsc~ccs_skill_scanner~skills_code~alexa-labs~alexa-dev-days~iot~update-shadow	0.08300451437632243	17.673057079315186	17.673057079315186	0.0009388923645019531	0.015862703323364258	16.74547243118286
~home~song~rsc~ccs_skill_scanner~skills_code~alexa-samples~alexa-heroku-sales-assistant-sample	0.09415037084270168	95.51702451705933	95.51702451705933	0.0019049644470214844	0.509333610534668	0.00010204315185546875
~home~song~rsc~ccs_skill_scanner~skills_code~aishu827~Learn-Alexa-the-fun-way~Learn@Alexa@the@fun@way~section@2~2.5	0.08321273326873779	5.792524099349976	5.792524099349976	0.0002532005310058594	0.01573467254638672	0.00012946128845214844
~home~song~rsc~ccs_skill_scanner~skills_code~aishu827~Learn-Alexa-the-fun-way~Learn@Alexa@the@fun@way~section@5~5.3	0.08321273326873779	18.305996894836426	18.305996894836426	0.0002181529998779297	0.018011808395385742	0.0001876354217529297
~home~song~rsc~ccs_skill_scanner~skills_code~0xDebabrata~alexa-covid19-tracker	0.09887862205505371	27.38720941543579	27.38720941543579	0.0007555484771728516	0.5653724670410156	0.00028061866760253906
~home~song~rsc~ccs_skill_scanner~skills_code~Ajay19domi~animal-voice-test	0.07976031303405762	14.297051906585693	14.297051906585693	0.0009996891021728516	0.025590896606445312	0.00011873245239257812
~home~song~rsc~ccs_skill_scanner~skills_code~AlexaRevolution~book_samples_v1~Ch_16~CuriosidadesdelAjolote	0.08469636738300323	135.04273176193237	135.04273176193237	0.0004863739013671875	0.029682397842407227	22.68991732597351
~home~song~rsc~ccs_skill_scanner~skills_code~alexa~alexa-cookbook~code-snippets	0.06983083486557007	1.2609434127807617	1.2609434127807617	0.0010306835174560547	0.015919208526611328	0.00013494491577148438
~home~song~rsc~ccs_skill_scanner~skills_code~alexa~alexa-cookbook~feature-demos~reminders-api	0.06983083486557007	77.80923461914062	77.80923461914062	0.0002684593200683594	0.03744769096374512	0.00013446807861328125
~home~song~rsc~ccs_skill_scanner~skills_code~AlexaRevolution~book_samples_v1~Ch_8~FindChargerCar	0.08469636738300323	58.20431208610535	58.20431208610535	0.0005359649658203125	0.02080059051513672	0.00010991096496582031
~home~song~rsc~ccs_skill_scanner~skills_code~alexa~alexa-cookbook~feature-demos~apl~skill-demo-aplt-text	0.06983083486557007	9.431259632110596	9.431259632110596	0.0009765625	0.05959773063659668	0.00035262107849121094
~home~song~rsc~ccs_skill_scanner~skills_code~alexa-samples~skill-sample-python-highlowgame	0.09415037084270168	33.20423936843872	33.20423936843872	0.0003037452697753906	0.01919245719909668	0.00011372566223144531
~home~song~rsc~ccs_skill_scanner~skills_code~AdminAlexaBledina~AlexaDocumentation~07	0.08214690468528053	225.7290711402893	225.7290711402893	0.0005519390106201172	0.03801774978637695	22.400020360946655
~home~song~rsc~ccs_skill_scanner~skills_code~alexa-samples~skill-sample-nodejs-premium-hello-world	0.09415037084270168	70.33050394058228	70.33050394058228	0.0005941390991210938	0.04112124443054199	0.0002377033233642578
~home~song~rsc~ccs_skill_scanner~skills_code~AlexaSRM~Zombie-Fever~Zombie@Fever~.deploy~zombie-fever~lambda~custom	0.08508700132369995	4.779942274093628	4.779942274093628	0.00028705596923828125	0.0157930850982666	0.0001556873321533203
~home~song~rsc~ccs_skill_scanner~skills_code~alexa-samples~skill-sample-nodejs-responsive-layouts	0.09415037084270168	86.90826916694641	86.90826916694641	0.00040268898010253906	0.03241562843322754	0.00014090538024902344
~home~song~rsc~ccs_skill_scanner~skills_code~alexa~alexa-cookbook~feature-demos~skill-demo-device-settings	0.06983083486557007	10.937962055206299	10.937962055206299	0.0010592937469482422	0.03687095642089844	0.00010991096496582031
~home~song~rsc~ccs_skill_scanner~skills_code~alexa-samples~entity-resolution-demo	0.09415037084270168	56.702149629592896	56.702149629592896	0.00027179718017578125	0.0173032283782959	0.00010228157043457031
~home~song~rsc~ccs_skill_scanner~skills_code~adrianalic~aws-ai-qna-bot~test~alexa~test	0.1257648468017578	15.927870035171509	15.927870035171509	0.0013644695281982422	0.024699926376342773	15.742434024810791
~home~song~rsc~ccs_skill_scanner~skills_code~alexa-samples~device-settings-demo	0.09415037084270168	10.488947868347168	10.488947868347168	0.0009696483612060547	0.022052764892578125	0.00012445449829101562
~home~song~rsc~ccs_skill_scanner~skills_code~alexa-samples~aplt-text-demo	0.09415037084270168	10.297141075134277	10.297141075134277	0.0011038780212402344	0.02961564064025879	0.00010633468627929688
~home~song~rsc~ccs_skill_scanner~skills_code~alexa-labs~skill-sample-python-pager-karaoke	0.08300451437632243	34.38972759246826	34.38972759246826	0.0002415180206298828	0.06422972679138184	0.00011277198791503906
~home~song~rsc~ccs_skill_scanner~skills_code~AdminAlexaBledina~AlexaDocumentation~04	0.08214690468528053	94.88261771202087	94.88261771202087	0.0005211830139160156	0.018105506896972656	17.295453786849976
~home~song~rsc~ccs_skill_scanner~skills_code~alexa-labs~skill-sample-nodejs-space-explorer	0.08300451437632243	237.02239155769348	237.02239155769348	0.0006251335144042969	0.03991389274597168	0.00011730194091796875
~home~song~rsc~ccs_skill_scanner~skills_code~alexa-labs~skill-sample-nodejs-movie-quotes-quiz	0.08300451437632243	125.49091458320618	125.49091458320618	0.003207683563232422	0.030324697494506836	0.00014400482177734375
~home~song~rsc~ccs_skill_scanner~skills_code~alexa-labs~skill-sample-jsx-for-apl-fruit-nutrition-facts	0.08300451437632243	7.398606061935425	7.398606061935425	0.0010876655578613281	0.03182649612426758	0.0001728534698486328
~home~song~rsc~ccs_skill_scanner~skills_code~alexa-dev-hub~alexa-skill-nutritional-cuisines	0.09571172640873836	24.188896417617798	24.188896417617798	0.0005731582641601562	0.02533721923828125	0.00012040138244628906
~home~song~rsc~ccs_skill_scanner~skills_code~alexa-samples~skill-sample-nodejs-audio-player	0.09415037084270168	42.00739002227783	42.00739002227783	0.0004069805145263672	0.018481016159057617	0.0001609325408935547
~home~song~rsc~ccs_skill_scanner~skills_code~AlexaGroover~AlexaProject~21_Generate@Audio@using@SSML	0.08188860946231419	41.83996868133545	41.83996868133545	0.0004215240478515625	0.025627613067626953	16.552400827407837
~home~song~rsc~ccs_skill_scanner~skills_code~agavili~cloud-computing~amzn1.ask.skill.a15ade7b-97bc-4e4a-ac0c-30952bd59d16	0.07828235626220703	36.02225732803345	36.02225732803345	0.0012083053588867188	0.02514052391052246	0.00011086463928222656
~home~song~rsc~ccs_skill_scanner~skills_code~alexa-samples~tasks-demo	0.09415037084270168	45.54272413253784	45.54272413253784	0.0006742477416992188	0.019504308700561523	0.0001239776611328125
~home~song~rsc~ccs_skill_scanner~skills_code~advargas~alexa-my-calendar	0.07705211639404297	28.47585105895996	28.47585105895996	0.0011417865753173828	0.027951717376708984	0.00011777877807617188
~home~song~rsc~ccs_skill_scanner~skills_code~ACloudGuru-Resources~Course_Alexa_Skill_Builder~Visual_Components~cards~code	0.0836883544921875	76.70230913162231	76.70230913162231	0.0002753734588623047	0.017621278762817383	0.00011944770812988281
~home~song~rsc~ccs_skill_scanner~skills_code~ACloudGuru-Resources~content-aws-skill-builder	0.0836883544921875	9.571678876876831	9.571678876876831	0.0014064311981201172	0.06431102752685547	0.00013875961303710938
~home~song~rsc~ccs_skill_scanner~skills_code~aaronshim~alexa-skills~federalist	0.08656144142150879	525.8012042045593	525.8012042045593	0.00031566619873046875	0.020233631134033203	0.00016999244689941406
~home~song~rsc~ccs_skill_scanner~skills_code~aissam-out~Alexa-Skills-Python~Alexa@Python@-@i18n	0.08171219825744629	3.7513926029205322	3.7513926029205322	0.0002639293670654297	0.015969038009643555	0.00012731552124023438
~home~song~rsc~ccs_skill_scanner~skills_code~alexa~alexa-cookbook~feature-demos~list-api~skill-demo-create-get-custom-list	0.06983083486557007	17.522258758544922	17.522258758544922	0.001165151596069336	0.02539205551147461	0.00011706352233886719
~home~song~rsc~ccs_skill_scanner~skills_code~alexa-labs~workshop-starship-enterprise~Step-1-Add-SSML-Sound-Effects-and-Amazon-Polly	0.08300451437632243	60.36470913887024	60.36470913887024	0.000247955322265625	0.016010046005249023	0.0001239776611328125
~home~song~rsc~ccs_skill_scanner~skills_code~alannoun~retail-demo-store~src	0.1303718090057373	778.1279213428497	778.1279213428497	0.0003192424774169922	0.26242733001708984	0.00012135505676269531
~home~song~rsc~ccs_skill_scanner~skills_code~alexa~alexa-cookbook~feature-demos~reminders-api~skill-demo-reminders-api-banana-stand	0.06983083486557007	14.408780336380005	14.408780336380005	0.00020051002502441406	0.024103403091430664	0.00010704994201660156
~home~song~rsc~ccs_skill_scanner~skills_code~alexa~alexa-cookbook~feature-demos~dynamic-entities~skill-demo-dynamic-entities	0.06983083486557007	30.13525414466858	30.13525414466858	0.00030112266540527344	0.03624105453491211	0.00011420249938964844
~home~song~rsc~ccs_skill_scanner~skills_code~AlexaRevolution~book_samples_v1~Ch_12~CuriosidadesdelAjolote	0.08469636738300323	91.39405727386475	91.39405727386475	0.0004723072052001953	0.019498109817504883	20.15435767173767
~home~song~rsc~ccs_skill_scanner~skills_code~AlexaRevolution~book_samples_v1~Ch_18~CuriosidadesdelAjolote	0.08469636738300323	192.82112097740173	192.82112097740173	0.00047206878662109375	0.022609233856201172	24.47244143486023
~home~song~rsc~ccs_skill_scanner~skills_code~07jeancms~skill-trivia	0.07643580436706543	262.51468896865845	262.51468896865845	0.0011401176452636719	0.07310867309570312	0.00010752677917480469
~home~song~rsc~ccs_skill_scanner~skills_code~aaronkh~bobafetch-alexa	0.09223246574401855	60.62498450279236	60.62498450279236	0.0005710124969482422	0.018125057220458984	19.263328552246094
~home~song~rsc~ccs_skill_scanner~skills_code~alexa-samples~skill-sample-nodejs-highlowgame	0.09415037084270168	54.93061947822571	54.93061947822571	0.0002689361572265625	0.031227588653564453	0.00011587142944335938
~home~song~rsc~ccs_skill_scanner~skills_code~alexa~alexa-cookbook~feature-demos~skill-demo-videoapp-directive-python	0.06983083486557007	8.267500877380371	8.267500877380371	0.0010559558868408203	0.01988077163696289	0.00011944770812988281
~home~song~rsc~ccs_skill_scanner~skills_code~aflorithmic~alexa	0.0779564380645752	17.59940505027771	17.59940505027771	0.0013000965118408203	0.02526402473449707	0.0001220703125
~home~song~rsc~ccs_skill_scanner~skills_code~AjinkyaBapat~MovieDeciderSkill	0.1261136531829834	97.19331645965576	97.19331645965576	0.00022840499877929688	0.06200766563415527	0.0001163482666015625
~home~song~rsc~ccs_skill_scanner~skills_code~alexa~alexa-cookbook~feature-demos~skill-demo-customer-profile	0.06983083486557007	22.47212314605713	22.47212314605713	0.0006108283996582031	0.017064332962036133	16.724454402923584
~home~song~rsc~ccs_skill_scanner~skills_code~alexa~alexa-cookbook~feature-demos~dynamic-entities~skill-demo-dynamic-heroes	0.06983083486557007	20.372151851654053	20.372151851654053	0.0010755062103271484	0.024904489517211914	0.00011515617370605469
~home~song~rsc~ccs_skill_scanner~skills_code~alexander-ma~ut-facts-skill	0.1065903902053833	22.4611074924469	22.4611074924469	0.00039196014404296875	0.030215024948120117	0.00011396408081054688
~home~song~rsc~ccs_skill_scanner~skills_code~alexa~alexa-cookbook~feature-demos~skill-demo-proactive-events~skill	0.06983083486557007	34.240943908691406	34.240943908691406	0.00022983551025390625	0.07368826866149902	0.0001251697540283203
~home~song~rsc~ccs_skill_scanner~skills_code~alexa-samples~skill-sample-nodejs-web-api-my-cactus	0.09415037084270168	422.74055433273315	422.74055433273315	0.0003819465637207031	0.030932188034057617	0.00016736984252929688
~home~song~rsc~ccs_skill_scanner~skills_code~alexa-samples~skill-sample-python-sauce-boss	0.09415037084270168	129.14762949943542	129.14762949943542	0.0005114078521728516	0.02790689468383789	0.00016951560974121094
~home~song~rsc~ccs_skill_scanner~skills_code~aishu-S~Alexa_course_contents~Learn@Alexa@the@fun@way~section@2~2.3	0.08249956369400024	10.695060014724731	10.695060014724731	0.00037407875061035156	0.020845890045166016	0.00018930435180664062
~home~song~rsc~ccs_skill_scanner~skills_code~alexa-samples~skill-sample-nodejs-cloudformation-guide~04_cloudFrontSkill	0.09415037084270168	8.378374338150024	8.378374338150024	0.0009913444519042969	0.042398691177368164	0.00022339820861816406
~home~song~rsc~ccs_skill_scanner~skills_code~1onder~Quantum	0.07472515106201172	7.552208662033081	7.552208662033081	0.00027871131896972656	0.017676115036010742	0.00011157989501953125
~home~song~rsc~ccs_skill_scanner~skills_code~aishu827~Learn-Alexa-the-fun-way~Learn@Alexa@the@fun@way~section@1~1.4	0.08321273326873779	8.342677593231201	8.342677593231201	0.000255584716796875	0.019429922103881836	0.0001685619354248047
~home~song~rsc~ccs_skill_scanner~skills_code~09panesara~voice-search-jovo	0.03635585308074951	71.05949783325195	71.05949783325195	0.002051830291748047	0.051949501037597656	0.0005044937133789062
~home~song~rsc~ccs_skill_scanner~skills_code~ahsanali17~RocketElevators-AI-Alexa	0.0809941291809082	28.164016008377075	28.164016008377075	0.0012149810791015625	0.49730634689331055	9.894371032714844e-05
~home~song~rsc~ccs_skill_scanner~skills_code~AdminAlexaBledina~AlexaDocumentation~05	0.08214690468528053	126.77777981758118	126.77777981758118	0.0005087852478027344	0.06464099884033203	17.848796129226685
~home~song~rsc~ccs_skill_scanner~skills_code~aishu827~Learn-Alexa-the-fun-way~Learn@Alexa@the@fun@way~section@3~3.4	0.08321273326873779	28.379807233810425	28.379807233810425	0.0003349781036376953	0.01723456382751465	0.00012874603271484375
~home~song~rsc~ccs_skill_scanner~skills_code~AdonousTech~udemy-ask-v2-barebones-starter	0.0871427059173584	1.177013635635376	1.177013635635376	0.0009515285491943359	0.020223140716552734	0.00012135505676269531
~home~song~rsc~ccs_skill_scanner~skills_code~alexa-samples~skill-sample-python-petmatch	0.09415037084270168	49.87449836730957	49.87449836730957	0.0004086494445800781	0.07411956787109375	0.00010609626770019531
~home~song~rsc~ccs_skill_scanner~skills_code~alexa~alexa-cookbook~feature-demos~skill-demo-dialog-delegate	0.06983083486557007	22.790189743041992	22.790189743041992	0.0005803108215332031	0.03117537498474121	16.62200427055359
~home~song~rsc~ccs_skill_scanner~skills_code~aissam-out~Alexa-Skills-Python~Alexa@Python@-@Monetization	0.08171219825744629	12.62403678894043	12.62403678894043	0.0013947486877441406	0.016674518585205078	0.00011873245239257812
